2722 -1 #SUP: 3 #SID: 2 5 6
1 -1 1 2722 -1 #SUP: 3 #SID: 2 5 6
1 -1 2722 -1 #SUP: 3 #SID: 2 5 6
1 14 -1 1 2722 -1 #SUP: 3 #SID: 2 5 6
1 14 -1 2722 -1 #SUP: 3 #SID: 2 5 6
1 14 56 -1 1 2722 -1 #SUP: 3 #SID: 2 5 6
1 14 56 -1 2722 -1 #SUP: 3 #SID: 2 5 6
1 2722 -1 #SUP: 3 #SID: 2 5 6
1 49 -1 1 2722 -1 #SUP: 3 #SID: 2 5 6
1 49 -1 2722 -1 #SUP: 3 #SID: 2 5 6
1 56 -1 1 2722 -1 #SUP: 3 #SID: 2 5 6
1 56 -1 2722 -1 #SUP: 3 #SID: 2 5 6
14 -1 1 2722 -1 #SUP: 3 #SID: 2 5 6
14 -1 2722 -1 #SUP: 3 #SID: 2 5 6
14 56 -1 1 2722 -1 #SUP: 3 #SID: 2 5 6
14 56 -1 2722 -1 #SUP: 3 #SID: 2 5 6
49 -1 1 2722 -1 #SUP: 3 #SID: 2 5 6
49 -1 2722 -1 #SUP: 3 #SID: 2 5 6
56 -1 1 2722 -1 #SUP: 3 #SID: 2 5 6
56 -1 2722 -1 #SUP: 3 #SID: 2 5 6
