1 -1 #SUP: 5 #SID: 0 1 2 3 4
4 -1 #SUP: 4 #SID: 0 2 3 4
9 -1 #SUP: 4 #SID: 0 2 3 4
11 -1 #SUP: 4 #SID: 0 1 2 4
46 -1 #SUP: 5 #SID: 0 1 2 3 4
49 -1 #SUP: 4 #SID: 0 2 3 4
56 -1 #SUP: 5 #SID: 0 1 2 3 4
1 -1 1 -1 #SUP: 5 #SID: 0 1 2 3 4
1 -1 1 -1 1 -1 #SUP: 4 #SID: 0 2 3 4
1 -1 1 -1 9 -1 #SUP: 4 #SID: 0 2 3 4
1 -1 1 -1 9 -1 1 -1 #SUP: 4 #SID: 0 2 3 4
1 -1 1 -1 46 -1 #SUP: 4 #SID: 0 2 3 4
1 -1 1 -1 46 -1 1 -1 #SUP: 4 #SID: 0 2 3 4
1 -1 1 4 -1 #SUP: 4 #SID: 0 2 3 4
1 -1 1 4 -1 1 -1 #SUP: 4 #SID: 0 2 3 4
1 -1 1 4 -1 9 -1 #SUP: 4 #SID: 0 2 3 4
1 -1 1 4 -1 9 -1 1 -1 #SUP: 4 #SID: 0 2 3 4
1 -1 1 4 -1 46 -1 #SUP: 4 #SID: 0 2 3 4
1 -1 1 4 -1 46 -1 1 -1 #SUP: 4 #SID: 0 2 3 4
1 -1 1 11 -1 #SUP: 4 #SID: 0 1 2 4
1 -1 1 56 -1 #SUP: 4 #SID: 1 2 3 4
1 -1 4 -1 #SUP: 4 #SID: 0 2 3 4
1 -1 4 -1 1 -1 #SUP: 4 #SID: 0 2 3 4
1 -1 4 -1 9 -1 #SUP: 4 #SID: 0 2 3 4
1 -1 4 -1 9 -1 1 -1 #SUP: 4 #SID: 0 2 3 4
1 -1 4 -1 46 -1 #SUP: 4 #SID: 0 2 3 4
1 -1 4 -1 46 -1 1 -1 #SUP: 4 #SID: 0 2 3 4
1 -1 4 56 -1 #SUP: 4 #SID: 0 2 3 4
1 -1 4 56 -1 1 -1 #SUP: 4 #SID: 0 2 3 4
1 -1 4 56 -1 9 -1 #SUP: 4 #SID: 0 2 3 4
1 -1 4 56 -1 9 -1 1 -1 #SUP: 4 #SID: 0 2 3 4
1 -1 4 56 -1 46 -1 #SUP: 4 #SID: 0 2 3 4
1 -1 4 56 -1 46 -1 1 -1 #SUP: 4 #SID: 0 2 3 4
1 -1 9 -1 #SUP: 4 #SID: 0 2 3 4
1 -1 9 -1 1 -1 #SUP: 4 #SID: 0 2 3 4
1 -1 11 -1 #SUP: 4 #SID: 0 1 2 4
1 -1 46 -1 #SUP: 4 #SID: 0 2 3 4
1 -1 46 -1 1 -1 #SUP: 4 #SID: 0 2 3 4
1 -1 49 -1 #SUP: 4 #SID: 0 2 3 4
1 -1 49 -1 1 -1 #SUP: 4 #SID: 0 2 3 4
1 -1 49 -1 9 -1 #SUP: 4 #SID: 0 2 3 4
1 -1 49 -1 46 -1 #SUP: 4 #SID: 0 2 3 4
1 -1 49 -1 46 -1 1 -1 #SUP: 4 #SID: 0 2 3 4
1 -1 56 -1 #SUP: 5 #SID: 0 1 2 3 4
1 -1 56 -1 1 -1 #SUP: 4 #SID: 0 2 3 4
1 -1 56 -1 9 -1 #SUP: 4 #SID: 0 2 3 4
1 -1 56 -1 9 -1 1 -1 #SUP: 4 #SID: 0 2 3 4
1 -1 56 -1 46 -1 #SUP: 4 #SID: 0 2 3 4
1 -1 56 -1 46 -1 1 -1 #SUP: 4 #SID: 0 2 3 4
1 4 -1 #SUP: 4 #SID: 0 2 3 4
1 4 -1 1 -1 #SUP: 4 #SID: 0 2 3 4
1 4 -1 1 -1 1 -1 #SUP: 4 #SID: 0 2 3 4
1 4 -1 1 -1 9 -1 #SUP: 4 #SID: 0 2 3 4
1 4 -1 1 -1 9 -1 1 -1 #SUP: 4 #SID: 0 2 3 4
1 4 -1 1 -1 46 -1 #SUP: 4 #SID: 0 2 3 4
1 4 -1 1 -1 46 -1 1 -1 #SUP: 4 #SID: 0 2 3 4
1 4 -1 1 4 -1 #SUP: 4 #SID: 0 2 3 4
1 4 -1 1 4 -1 1 -1 #SUP: 4 #SID: 0 2 3 4
1 4 -1 1 4 -1 9 -1 #SUP: 4 #SID: 0 2 3 4
1 4 -1 1 4 -1 9 -1 1 -1 #SUP: 4 #SID: 0 2 3 4
1 4 -1 4 -1 #SUP: 4 #SID: 0 2 3 4
1 4 -1 4 -1 1 -1 #SUP: 4 #SID: 0 2 3 4
1 4 -1 4 -1 9 -1 #SUP: 4 #SID: 0 2 3 4
1 4 -1 4 -1 9 -1 1 -1 #SUP: 4 #SID: 0 2 3 4
1 4 -1 4 56 -1 #SUP: 4 #SID: 0 2 3 4
1 4 -1 4 56 -1 1 -1 #SUP: 4 #SID: 0 2 3 4
1 4 -1 4 56 -1 9 -1 #SUP: 4 #SID: 0 2 3 4
1 4 -1 4 56 -1 9 -1 1 -1 #SUP: 4 #SID: 0 2 3 4
1 4 -1 9 -1 #SUP: 4 #SID: 0 2 3 4
1 4 -1 9 -1 1 -1 #SUP: 4 #SID: 0 2 3 4
1 4 -1 46 -1 #SUP: 4 #SID: 0 2 3 4
1 4 -1 46 -1 1 -1 #SUP: 4 #SID: 0 2 3 4
1 4 -1 49 -1 #SUP: 4 #SID: 0 2 3 4
1 4 -1 49 -1 1 -1 #SUP: 4 #SID: 0 2 3 4
1 4 -1 49 -1 9 -1 #SUP: 4 #SID: 0 2 3 4
1 4 -1 49 -1 46 -1 #SUP: 4 #SID: 0 2 3 4
1 4 -1 49 -1 46 -1 1 -1 #SUP: 4 #SID: 0 2 3 4
1 4 -1 56 -1 #SUP: 4 #SID: 0 2 3 4
1 4 -1 56 -1 1 -1 #SUP: 4 #SID: 0 2 3 4
1 4 -1 56 -1 9 -1 #SUP: 4 #SID: 0 2 3 4
1 4 -1 56 -1 9 -1 1 -1 #SUP: 4 #SID: 0 2 3 4
1 9 -1 #SUP: 4 #SID: 0 2 3 4
1 9 -1 1 -1 #SUP: 4 #SID: 0 2 3 4
1 11 -1 #SUP: 4 #SID: 0 1 2 4
1 46 -1 #SUP: 4 #SID: 1 2 3 4
1 46 -1 1 -1 #SUP: 4 #SID: 1 2 3 4
1 56 -1 #SUP: 4 #SID: 1 2 3 4
1 56 -1 1 -1 #SUP: 4 #SID: 1 2 3 4
4 -1 1 -1 #SUP: 4 #SID: 0 2 3 4
4 -1 1 -1 1 -1 #SUP: 4 #SID: 0 2 3 4
4 -1 1 -1 9 -1 #SUP: 4 #SID: 0 2 3 4
4 -1 1 -1 9 -1 1 -1 #SUP: 4 #SID: 0 2 3 4
4 -1 1 -1 46 -1 #SUP: 4 #SID: 0 2 3 4
4 -1 1 -1 46 -1 1 -1 #SUP: 4 #SID: 0 2 3 4
4 -1 1 4 -1 #SUP: 4 #SID: 0 2 3 4
4 -1 1 4 -1 1 -1 #SUP: 4 #SID: 0 2 3 4
4 -1 1 4 -1 9 -1 #SUP: 4 #SID: 0 2 3 4
4 -1 1 4 -1 9 -1 1 -1 #SUP: 4 #SID: 0 2 3 4
4 -1 4 -1 #SUP: 4 #SID: 0 2 3 4
4 -1 4 -1 1 -1 #SUP: 4 #SID: 0 2 3 4
4 -1 4 -1 9 -1 #SUP: 4 #SID: 0 2 3 4
4 -1 4 -1 9 -1 1 -1 #SUP: 4 #SID: 0 2 3 4
4 -1 4 56 -1 #SUP: 4 #SID: 0 2 3 4
4 -1 4 56 -1 1 -1 #SUP: 4 #SID: 0 2 3 4
4 -1 4 56 -1 9 -1 #SUP: 4 #SID: 0 2 3 4
4 -1 4 56 -1 9 -1 1 -1 #SUP: 4 #SID: 0 2 3 4
4 -1 9 -1 #SUP: 4 #SID: 0 2 3 4
4 -1 9 -1 1 -1 #SUP: 4 #SID: 0 2 3 4
4 -1 46 -1 #SUP: 4 #SID: 0 2 3 4
4 -1 46 -1 1 -1 #SUP: 4 #SID: 0 2 3 4
4 -1 49 -1 #SUP: 4 #SID: 0 2 3 4
4 -1 49 -1 1 -1 #SUP: 4 #SID: 0 2 3 4
4 -1 49 -1 9 -1 #SUP: 4 #SID: 0 2 3 4
4 -1 49 -1 46 -1 #SUP: 4 #SID: 0 2 3 4
4 -1 49 -1 46 -1 1 -1 #SUP: 4 #SID: 0 2 3 4
4 -1 56 -1 #SUP: 4 #SID: 0 2 3 4
4 -1 56 -1 1 -1 #SUP: 4 #SID: 0 2 3 4
4 -1 56 -1 9 -1 #SUP: 4 #SID: 0 2 3 4
4 -1 56 -1 9 -1 1 -1 #SUP: 4 #SID: 0 2 3 4
4 56 -1 #SUP: 4 #SID: 0 2 3 4
4 56 -1 1 -1 #SUP: 4 #SID: 0 2 3 4
4 56 -1 9 -1 #SUP: 4 #SID: 0 2 3 4
4 56 -1 9 -1 1 -1 #SUP: 4 #SID: 0 2 3 4
4 56 -1 46 -1 #SUP: 4 #SID: 0 2 3 4
4 56 -1 46 -1 1 -1 #SUP: 4 #SID: 0 2 3 4
9 -1 1 -1 #SUP: 4 #SID: 0 2 3 4
46 -1 1 -1 #SUP: 5 #SID: 0 1 2 3 4
46 -1 56 -1 #SUP: 4 #SID: 0 1 2 3
49 -1 1 -1 #SUP: 4 #SID: 0 2 3 4
49 -1 9 -1 #SUP: 4 #SID: 0 2 3 4
49 -1 46 -1 #SUP: 4 #SID: 0 2 3 4
49 -1 46 -1 1 -1 #SUP: 4 #SID: 0 2 3 4
56 -1 1 -1 #SUP: 5 #SID: 0 1 2 3 4
56 -1 9 -1 #SUP: 4 #SID: 0 2 3 4
56 -1 9 -1 1 -1 #SUP: 4 #SID: 0 2 3 4
56 -1 46 -1 #SUP: 4 #SID: 0 2 3 4
56 -1 46 -1 1 -1 #SUP: 4 #SID: 0 2 3 4
56 -1 56 -1 #SUP: 4 #SID: 0 1 2 3
