1 -1 1 -1 1 -1 1 -1 #SUP: 3 #SID: 0 1 2
1 -1 1 -1 1 -1 1 -1 1 -1 #SUP: 3 #SID: 0 1 2
1 -1 1 -1 1 -1 1 -1 1 -1 1 -1 #SUP: 3 #SID: 0 1 2
1 -1 1 -1 1 -1 1 -1 1 -1 1 -1 1 -1 #SUP: 3 #SID: 0 1 2
1 -1 1 -1 1 -1 1 -1 1 56 -1 #SUP: 3 #SID: 0 1 2
1 -1 1 -1 1 -1 1 -1 1 56 -1 1 -1 #SUP: 3 #SID: 0 1 2
1 -1 1 -1 1 -1 1 -1 56 -1 #SUP: 3 #SID: 0 1 2
1 -1 1 -1 1 -1 1 -1 56 -1 1 -1 #SUP: 3 #SID: 0 1 2
1 -1 1 -1 1 -1 1 45 -1 #SUP: 3 #SID: 0 1 2
1 -1 1 -1 1 -1 1 45 -1 1 -1 #SUP: 3 #SID: 0 1 2
1 -1 1 -1 1 -1 1 45 -1 1 -1 1 -1 #SUP: 3 #SID: 0 1 2
1 -1 1 -1 1 -1 1 45 -1 1 -1 1 -1 1 -1 #SUP: 3 #SID: 0 1 2
1 -1 1 -1 1 -1 1 45 -1 1 56 -1 #SUP: 3 #SID: 0 1 2
1 -1 1 -1 1 -1 1 45 -1 1 56 -1 1 -1 #SUP: 3 #SID: 0 1 2
1 -1 1 -1 1 -1 1 45 -1 56 -1 #SUP: 3 #SID: 0 1 2
1 -1 1 -1 1 -1 1 45 -1 56 -1 1 -1 #SUP: 3 #SID: 0 1 2
1 -1 1 -1 1 -1 1 56 -1 #SUP: 3 #SID: 0 1 2
1 -1 1 -1 1 -1 1 56 -1 1 -1 #SUP: 3 #SID: 0 1 2
1 -1 1 -1 1 -1 1 56 -1 56 -1 #SUP: 3 #SID: 0 1 2
1 -1 1 -1 1 -1 1 56 -1 56 -1 1 -1 #SUP: 3 #SID: 0 1 2
1 -1 1 -1 1 -1 4 -1 #SUP: 3 #SID: 0 1 2
1 -1 1 -1 1 -1 4 -1 1 -1 #SUP: 3 #SID: 0 1 2
1 -1 1 -1 1 -1 4 -1 1 -1 1 -1 #SUP: 3 #SID: 0 1 2
1 -1 1 -1 1 -1 4 -1 1 -1 1 -1 1 -1 #SUP: 3 #SID: 0 1 2
1 -1 1 -1 1 -1 45 -1 #SUP: 3 #SID: 0 1 2
1 -1 1 -1 1 -1 45 -1 1 -1 #SUP: 3 #SID: 0 1 2
1 -1 1 -1 1 -1 45 -1 1 -1 1 -1 #SUP: 3 #SID: 0 1 2
1 -1 1 -1 1 -1 45 -1 1 -1 1 -1 1 -1 #SUP: 3 #SID: 0 1 2
1 -1 1 -1 1 -1 45 -1 1 56 -1 #SUP: 3 #SID: 0 1 2
1 -1 1 -1 1 -1 45 -1 1 56 -1 1 -1 #SUP: 3 #SID: 0 1 2
1 -1 1 -1 1 -1 45 -1 56 -1 #SUP: 3 #SID: 0 1 2
1 -1 1 -1 1 -1 45 -1 56 -1 1 -1 #SUP: 3 #SID: 0 1 2
1 -1 1 -1 1 -1 56 -1 #SUP: 3 #SID: 0 1 2
1 -1 1 -1 1 -1 56 -1 1 -1 #SUP: 3 #SID: 0 1 2
1 -1 1 -1 1 -1 56 -1 56 -1 #SUP: 3 #SID: 0 1 2
1 -1 1 -1 1 -1 56 -1 56 -1 1 -1 #SUP: 3 #SID: 0 1 2
1 -1 1 -1 1 45 -1 #SUP: 3 #SID: 0 1 2
1 -1 1 -1 1 45 -1 1 -1 #SUP: 3 #SID: 0 1 2
1 -1 1 -1 1 45 -1 1 -1 1 -1 #SUP: 3 #SID: 0 1 2
1 -1 1 -1 1 45 -1 1 -1 1 -1 1 -1 #SUP: 3 #SID: 0 1 2
1 -1 1 -1 1 45 -1 1 -1 1 -1 1 -1 1 -1 #SUP: 3 #SID: 0 1 2
1 -1 1 -1 1 45 -1 1 56 -1 #SUP: 3 #SID: 0 1 2
1 -1 1 -1 1 45 -1 1 56 -1 1 -1 #SUP: 3 #SID: 0 1 2
1 -1 1 -1 1 45 -1 4 -1 #SUP: 3 #SID: 0 1 2
1 -1 1 -1 1 45 -1 4 -1 1 -1 #SUP: 3 #SID: 0 1 2
1 -1 1 -1 1 45 -1 4 -1 1 -1 1 -1 #SUP: 3 #SID: 0 1 2
1 -1 1 -1 1 45 -1 4 -1 1 -1 1 -1 1 -1 #SUP: 3 #SID: 0 1 2
1 -1 1 -1 1 45 -1 56 -1 #SUP: 3 #SID: 0 1 2
1 -1 1 -1 1 45 -1 56 -1 1 -1 #SUP: 3 #SID: 0 1 2
1 -1 1 -1 1 56 -1 #SUP: 3 #SID: 0 1 2
1 -1 1 -1 1 56 -1 1 -1 #SUP: 3 #SID: 0 1 2
1 -1 1 -1 1 56 -1 1 -1 1 -1 #SUP: 3 #SID: 0 1 2
1 -1 1 -1 1 56 -1 1 -1 1 -1 1 -1 #SUP: 3 #SID: 0 1 2
1 -1 1 -1 1 56 -1 1 -1 1 -1 1 -1 1 -1 #SUP: 3 #SID: 0 1 2
1 -1 1 -1 1 56 -1 1 56 -1 #SUP: 3 #SID: 0 1 2
1 -1 1 -1 1 56 -1 1 56 -1 1 -1 #SUP: 3 #SID: 0 1 2
1 -1 1 -1 1 56 -1 4 -1 #SUP: 3 #SID: 0 1 2
1 -1 1 -1 1 56 -1 4 -1 1 -1 #SUP: 3 #SID: 0 1 2
1 -1 1 -1 1 56 -1 4 -1 1 -1 1 -1 #SUP: 3 #SID: 0 1 2
1 -1 1 -1 1 56 -1 4 -1 1 -1 1 -1 1 -1 #SUP: 3 #SID: 0 1 2
1 -1 1 -1 1 56 -1 56 -1 #SUP: 3 #SID: 0 1 2
1 -1 1 -1 1 56 -1 56 -1 1 -1 #SUP: 3 #SID: 0 1 2
1 -1 1 -1 4 -1 1 -1 #SUP: 3 #SID: 0 1 2
1 -1 1 -1 4 -1 1 -1 1 -1 #SUP: 3 #SID: 0 1 2
1 -1 1 -1 4 -1 1 -1 1 -1 1 -1 #SUP: 3 #SID: 0 1 2
1 -1 1 -1 4 -1 4 -1 #SUP: 3 #SID: 0 1 2
1 -1 1 -1 4 -1 4 -1 1 -1 #SUP: 3 #SID: 0 1 2
1 -1 1 -1 4 -1 4 -1 1 -1 1 -1 #SUP: 3 #SID: 0 1 2
1 -1 1 -1 4 56 -1 #SUP: 3 #SID: 0 1 2
1 -1 1 -1 4 56 -1 1 -1 #SUP: 3 #SID: 0 1 2
1 -1 1 -1 4 56 -1 1 -1 1 -1 #SUP: 3 #SID: 0 1 2
1 -1 1 -1 4 56 -1 1 -1 1 -1 1 -1 #SUP: 3 #SID: 0 1 2
1 -1 1 -1 4 56 -1 4 -1 #SUP: 3 #SID: 0 1 2
1 -1 1 -1 4 56 -1 4 -1 1 -1 #SUP: 3 #SID: 0 1 2
1 -1 1 -1 4 56 -1 4 -1 1 -1 1 -1 #SUP: 3 #SID: 0 1 2
1 -1 1 -1 45 -1 1 -1 #SUP: 3 #SID: 0 1 2
1 -1 1 -1 45 -1 1 -1 1 -1 #SUP: 3 #SID: 0 1 2
1 -1 1 -1 45 -1 1 -1 1 -1 1 -1 #SUP: 3 #SID: 0 1 2
1 -1 1 -1 45 -1 1 -1 1 -1 1 -1 1 -1 #SUP: 3 #SID: 0 1 2
1 -1 1 -1 45 -1 1 56 -1 #SUP: 3 #SID: 0 1 2
1 -1 1 -1 45 -1 1 56 -1 1 -1 #SUP: 3 #SID: 0 1 2
1 -1 1 -1 45 -1 4 -1 #SUP: 3 #SID: 0 1 2
1 -1 1 -1 45 -1 4 -1 1 -1 #SUP: 3 #SID: 0 1 2
1 -1 1 -1 45 -1 4 -1 1 -1 1 -1 #SUP: 3 #SID: 0 1 2
1 -1 1 -1 45 -1 4 -1 1 -1 1 -1 1 -1 #SUP: 3 #SID: 0 1 2
1 -1 1 -1 45 -1 56 -1 #SUP: 3 #SID: 0 1 2
1 -1 1 -1 45 -1 56 -1 1 -1 #SUP: 3 #SID: 0 1 2
1 -1 1 -1 45 56 -1 #SUP: 3 #SID: 0 1 2
1 -1 1 -1 45 56 -1 1 -1 #SUP: 3 #SID: 0 1 2
1 -1 1 -1 45 56 -1 1 -1 1 -1 #SUP: 3 #SID: 0 1 2
1 -1 1 -1 45 56 -1 1 -1 1 -1 1 -1 #SUP: 3 #SID: 0 1 2
1 -1 1 -1 45 56 -1 1 -1 1 -1 1 -1 1 -1 #SUP: 3 #SID: 0 1 2
1 -1 1 -1 45 56 -1 1 56 -1 #SUP: 3 #SID: 0 1 2
1 -1 1 -1 45 56 -1 1 56 -1 1 -1 #SUP: 3 #SID: 0 1 2
1 -1 1 -1 45 56 -1 4 -1 #SUP: 3 #SID: 0 1 2
1 -1 1 -1 45 56 -1 4 -1 1 -1 #SUP: 3 #SID: 0 1 2
1 -1 1 -1 45 56 -1 4 -1 1 -1 1 -1 #SUP: 3 #SID: 0 1 2
1 -1 1 -1 45 56 -1 4 -1 1 -1 1 -1 1 -1 #SUP: 3 #SID: 0 1 2
1 -1 1 -1 45 56 -1 56 -1 #SUP: 3 #SID: 0 1 2
1 -1 1 -1 45 56 -1 56 -1 1 -1 #SUP: 3 #SID: 0 1 2
1 -1 1 -1 56 -1 1 -1 #SUP: 3 #SID: 0 1 2
1 -1 1 -1 56 -1 1 -1 1 -1 #SUP: 3 #SID: 0 1 2
1 -1 1 -1 56 -1 1 -1 1 -1 1 -1 #SUP: 3 #SID: 0 1 2
1 -1 1 -1 56 -1 1 -1 1 -1 1 -1 1 -1 #SUP: 3 #SID: 0 1 2
1 -1 1 -1 56 -1 1 56 -1 #SUP: 3 #SID: 0 1 2
1 -1 1 -1 56 -1 1 56 -1 1 -1 #SUP: 3 #SID: 0 1 2
1 -1 1 -1 56 -1 4 -1 #SUP: 3 #SID: 0 1 2
1 -1 1 -1 56 -1 4 -1 1 -1 #SUP: 3 #SID: 0 1 2
1 -1 1 -1 56 -1 4 -1 1 -1 1 -1 #SUP: 3 #SID: 0 1 2
1 -1 1 -1 56 -1 4 -1 1 -1 1 -1 1 -1 #SUP: 3 #SID: 0 1 2
1 -1 1 -1 56 -1 56 -1 #SUP: 3 #SID: 0 1 2
1 -1 1 -1 56 -1 56 -1 1 -1 #SUP: 3 #SID: 0 1 2
1 -1 1 4 -1 1 -1 #SUP: 3 #SID: 0 1 2
1 -1 1 4 -1 1 -1 1 -1 #SUP: 3 #SID: 0 1 2
1 -1 1 4 -1 1 -1 1 -1 1 -1 #SUP: 3 #SID: 0 1 2
1 -1 1 4 -1 4 -1 #SUP: 3 #SID: 0 1 2
1 -1 1 4 -1 4 -1 1 -1 #SUP: 3 #SID: 0 1 2
1 -1 1 4 -1 4 -1 1 -1 1 -1 #SUP: 3 #SID: 0 1 2
1 -1 1 45 -1 1 -1 #SUP: 3 #SID: 0 1 2
1 -1 1 45 -1 1 -1 1 -1 #SUP: 3 #SID: 0 1 2
1 -1 1 45 -1 1 -1 1 -1 1 -1 #SUP: 3 #SID: 0 1 2
1 -1 1 45 -1 1 -1 1 -1 1 -1 1 -1 #SUP: 3 #SID: 0 1 2
1 -1 1 45 -1 1 -1 4 -1 #SUP: 3 #SID: 0 1 2
1 -1 1 45 -1 1 -1 4 -1 1 -1 #SUP: 3 #SID: 0 1 2
1 -1 1 45 -1 1 -1 4 -1 1 -1 1 -1 #SUP: 3 #SID: 0 1 2
1 -1 1 45 -1 1 56 -1 #SUP: 3 #SID: 0 1 2
1 -1 1 45 -1 1 56 -1 1 -1 #SUP: 3 #SID: 0 1 2
1 -1 1 45 -1 1 56 -1 1 -1 1 -1 #SUP: 3 #SID: 0 1 2
1 -1 1 45 -1 1 56 -1 1 -1 1 -1 1 -1 #SUP: 3 #SID: 0 1 2
1 -1 1 45 -1 1 56 -1 4 -1 #SUP: 3 #SID: 0 1 2
1 -1 1 45 -1 1 56 -1 4 -1 1 -1 #SUP: 3 #SID: 0 1 2
1 -1 1 45 -1 1 56 -1 4 -1 1 -1 1 -1 #SUP: 3 #SID: 0 1 2
1 -1 1 45 -1 4 -1 #SUP: 3 #SID: 0 1 2
1 -1 1 45 -1 4 -1 1 -1 #SUP: 3 #SID: 0 1 2
1 -1 1 45 -1 4 -1 1 -1 1 -1 #SUP: 3 #SID: 0 1 2
1 -1 1 45 -1 4 -1 1 -1 1 -1 1 -1 #SUP: 3 #SID: 0 1 2
1 -1 1 45 -1 4 -1 4 -1 #SUP: 3 #SID: 0 1 2
1 -1 1 45 -1 4 -1 4 -1 1 -1 #SUP: 3 #SID: 0 1 2
1 -1 1 45 -1 4 -1 4 -1 1 -1 1 -1 #SUP: 3 #SID: 0 1 2
1 -1 1 45 -1 4 56 -1 #SUP: 3 #SID: 0 1 2
1 -1 1 45 -1 4 56 -1 1 -1 #SUP: 3 #SID: 0 1 2
1 -1 1 45 -1 4 56 -1 1 -1 1 -1 #SUP: 3 #SID: 0 1 2
1 -1 1 45 -1 4 56 -1 1 -1 1 -1 1 -1 #SUP: 3 #SID: 0 1 2
1 -1 1 45 -1 4 56 -1 4 -1 #SUP: 3 #SID: 0 1 2
1 -1 1 45 -1 4 56 -1 4 -1 1 -1 #SUP: 3 #SID: 0 1 2
1 -1 1 45 -1 4 56 -1 4 -1 1 -1 1 -1 #SUP: 3 #SID: 0 1 2
1 -1 1 45 -1 56 -1 #SUP: 3 #SID: 0 1 2
1 -1 1 45 -1 56 -1 1 -1 #SUP: 3 #SID: 0 1 2
1 -1 1 45 -1 56 -1 1 -1 1 -1 #SUP: 3 #SID: 0 1 2
1 -1 1 45 -1 56 -1 1 -1 1 -1 1 -1 #SUP: 3 #SID: 0 1 2
1 -1 1 45 -1 56 -1 4 -1 #SUP: 3 #SID: 0 1 2
1 -1 1 45 -1 56 -1 4 -1 1 -1 #SUP: 3 #SID: 0 1 2
1 -1 1 45 -1 56 -1 4 -1 1 -1 1 -1 #SUP: 3 #SID: 0 1 2
1 -1 1 45 49 -1 #SUP: 3 #SID: 0 1 2
1 -1 1 45 49 -1 1 -1 #SUP: 3 #SID: 0 1 2
1 -1 1 45 49 -1 1 -1 1 -1 #SUP: 3 #SID: 0 1 2
1 -1 1 45 49 -1 1 -1 1 -1 1 -1 #SUP: 3 #SID: 0 1 2
1 -1 1 45 49 -1 1 -1 4 -1 #SUP: 3 #SID: 0 1 2
1 -1 1 45 49 -1 1 -1 4 -1 1 -1 #SUP: 3 #SID: 0 1 2
1 -1 1 45 49 -1 1 -1 4 -1 1 -1 1 -1 #SUP: 3 #SID: 0 1 2
1 -1 1 45 49 -1 1 56 -1 #SUP: 3 #SID: 0 1 2
1 -1 1 45 49 -1 1 56 -1 1 -1 #SUP: 3 #SID: 0 1 2
1 -1 1 45 49 -1 1 56 -1 1 -1 1 -1 #SUP: 3 #SID: 0 1 2
1 -1 1 45 49 -1 1 56 -1 4 -1 #SUP: 3 #SID: 0 1 2
1 -1 1 45 49 -1 1 56 -1 4 -1 1 -1 #SUP: 3 #SID: 0 1 2
1 -1 1 45 49 -1 1 56 -1 4 -1 1 -1 1 -1 #SUP: 3 #SID: 0 1 2
1 -1 1 45 49 -1 4 -1 #SUP: 3 #SID: 0 1 2
1 -1 1 45 49 -1 4 -1 1 -1 #SUP: 3 #SID: 0 1 2
1 -1 1 45 49 -1 4 -1 1 -1 1 -1 #SUP: 3 #SID: 0 1 2
1 -1 1 45 49 -1 4 -1 1 -1 1 -1 1 -1 #SUP: 3 #SID: 0 1 2
1 -1 1 45 49 -1 4 -1 4 -1 #SUP: 3 #SID: 0 1 2
1 -1 1 45 49 -1 4 -1 4 -1 1 -1 #SUP: 3 #SID: 0 1 2
1 -1 1 45 49 -1 4 -1 4 -1 1 -1 1 -1 #SUP: 3 #SID: 0 1 2
1 -1 1 45 49 -1 4 56 -1 #SUP: 3 #SID: 0 1 2
1 -1 1 45 49 -1 4 56 -1 1 -1 #SUP: 3 #SID: 0 1 2
1 -1 1 45 49 -1 4 56 -1 1 -1 1 -1 #SUP: 3 #SID: 0 1 2
1 -1 1 45 49 -1 4 56 -1 1 -1 1 -1 1 -1 #SUP: 3 #SID: 0 1 2
1 -1 1 45 49 -1 4 56 -1 4 -1 #SUP: 3 #SID: 0 1 2
1 -1 1 45 49 -1 4 56 -1 4 -1 1 -1 #SUP: 3 #SID: 0 1 2
1 -1 1 45 49 -1 4 56 -1 4 -1 1 -1 1 -1 #SUP: 3 #SID: 0 1 2
1 -1 1 45 49 -1 56 -1 #SUP: 3 #SID: 0 1 2
1 -1 1 45 49 -1 56 -1 1 -1 #SUP: 3 #SID: 0 1 2
1 -1 1 45 49 -1 56 -1 1 -1 1 -1 #SUP: 3 #SID: 0 1 2
1 -1 1 45 49 -1 56 -1 1 -1 1 -1 1 -1 #SUP: 3 #SID: 0 1 2
1 -1 1 45 49 -1 56 -1 4 -1 #SUP: 3 #SID: 0 1 2
1 -1 1 45 49 -1 56 -1 4 -1 1 -1 #SUP: 3 #SID: 0 1 2
1 -1 1 45 49 -1 56 -1 4 -1 1 -1 1 -1 #SUP: 3 #SID: 0 1 2
1 -1 1 49 -1 1 -1 #SUP: 3 #SID: 0 1 2
1 -1 1 49 -1 1 -1 1 -1 #SUP: 3 #SID: 0 1 2
1 -1 1 49 -1 1 -1 1 -1 1 -1 #SUP: 3 #SID: 0 1 2
1 -1 1 49 -1 1 -1 1 -1 1 -1 1 -1 #SUP: 3 #SID: 0 1 2
1 -1 1 49 -1 1 -1 4 -1 #SUP: 3 #SID: 0 1 2
1 -1 1 49 -1 1 -1 4 -1 1 -1 #SUP: 3 #SID: 0 1 2
1 -1 1 49 -1 1 -1 4 -1 1 -1 1 -1 #SUP: 3 #SID: 0 1 2
1 -1 1 49 -1 1 56 -1 #SUP: 3 #SID: 0 1 2
1 -1 1 49 -1 1 56 -1 1 -1 #SUP: 3 #SID: 0 1 2
1 -1 1 49 -1 1 56 -1 1 -1 1 -1 #SUP: 3 #SID: 0 1 2
1 -1 1 49 -1 1 56 -1 4 -1 #SUP: 3 #SID: 0 1 2
1 -1 1 49 -1 1 56 -1 4 -1 1 -1 #SUP: 3 #SID: 0 1 2
1 -1 1 49 -1 1 56 -1 4 -1 1 -1 1 -1 #SUP: 3 #SID: 0 1 2
1 -1 1 49 -1 4 -1 #SUP: 3 #SID: 0 1 2
1 -1 1 49 -1 4 -1 1 -1 #SUP: 3 #SID: 0 1 2
1 -1 1 49 -1 4 -1 1 -1 1 -1 #SUP: 3 #SID: 0 1 2
1 -1 1 49 -1 4 -1 1 -1 1 -1 1 -1 #SUP: 3 #SID: 0 1 2
1 -1 1 49 -1 4 -1 4 -1 #SUP: 3 #SID: 0 1 2
1 -1 1 49 -1 4 -1 4 -1 1 -1 #SUP: 3 #SID: 0 1 2
1 -1 1 49 -1 4 -1 4 -1 1 -1 1 -1 #SUP: 3 #SID: 0 1 2
1 -1 1 49 -1 4 56 -1 #SUP: 3 #SID: 0 1 2
1 -1 1 49 -1 4 56 -1 1 -1 #SUP: 3 #SID: 0 1 2
1 -1 1 49 -1 4 56 -1 1 -1 1 -1 #SUP: 3 #SID: 0 1 2
1 -1 1 49 -1 4 56 -1 1 -1 1 -1 1 -1 #SUP: 3 #SID: 0 1 2
1 -1 1 49 -1 4 56 -1 4 -1 #SUP: 3 #SID: 0 1 2
1 -1 1 49 -1 4 56 -1 4 -1 1 -1 #SUP: 3 #SID: 0 1 2
1 -1 1 49 -1 4 56 -1 4 -1 1 -1 1 -1 #SUP: 3 #SID: 0 1 2
1 -1 1 49 -1 56 -1 #SUP: 3 #SID: 0 1 2
1 -1 1 49 -1 56 -1 1 -1 #SUP: 3 #SID: 0 1 2
1 -1 1 49 -1 56 -1 1 -1 1 -1 #SUP: 3 #SID: 0 1 2
1 -1 1 49 -1 56 -1 1 -1 1 -1 1 -1 #SUP: 3 #SID: 0 1 2
1 -1 1 49 -1 56 -1 4 -1 #SUP: 3 #SID: 0 1 2
1 -1 1 49 -1 56 -1 4 -1 1 -1 #SUP: 3 #SID: 0 1 2
1 -1 1 49 -1 56 -1 4 -1 1 -1 1 -1 #SUP: 3 #SID: 0 1 2
1 -1 1 56 -1 1 -1 #SUP: 3 #SID: 0 1 2
1 -1 1 56 -1 1 -1 1 -1 #SUP: 3 #SID: 0 1 2
1 -1 1 56 -1 1 -1 1 -1 1 -1 #SUP: 3 #SID: 0 1 2
1 -1 1 56 -1 1 -1 1 -1 1 -1 1 -1 #SUP: 3 #SID: 0 1 2
1 -1 1 56 -1 1 -1 1 -1 1 56 -1 #SUP: 3 #SID: 0 1 2
1 -1 1 56 -1 1 -1 1 -1 1 56 -1 1 -1 #SUP: 3 #SID: 0 1 2
1 -1 1 56 -1 1 -1 1 -1 56 -1 #SUP: 3 #SID: 0 1 2
1 -1 1 56 -1 1 -1 1 -1 56 -1 1 -1 #SUP: 3 #SID: 0 1 2
1 -1 1 56 -1 1 -1 1 45 -1 #SUP: 3 #SID: 0 1 2
1 -1 1 56 -1 1 -1 1 45 -1 1 -1 #SUP: 3 #SID: 0 1 2
1 -1 1 56 -1 1 -1 1 45 -1 1 -1 1 -1 #SUP: 3 #SID: 0 1 2
1 -1 1 56 -1 1 -1 1 45 -1 1 56 -1 #SUP: 3 #SID: 0 1 2
1 -1 1 56 -1 1 -1 1 45 -1 1 56 -1 1 -1 #SUP: 3 #SID: 0 1 2
1 -1 1 56 -1 1 -1 1 45 -1 56 -1 #SUP: 3 #SID: 0 1 2
1 -1 1 56 -1 1 -1 1 45 -1 56 -1 1 -1 #SUP: 3 #SID: 0 1 2
1 -1 1 56 -1 1 -1 1 56 -1 #SUP: 3 #SID: 0 1 2
1 -1 1 56 -1 1 -1 1 56 -1 1 -1 #SUP: 3 #SID: 0 1 2
1 -1 1 56 -1 1 -1 1 56 -1 56 -1 #SUP: 3 #SID: 0 1 2
1 -1 1 56 -1 1 -1 1 56 -1 56 -1 1 -1 #SUP: 3 #SID: 0 1 2
1 -1 1 56 -1 1 -1 45 -1 #SUP: 3 #SID: 0 1 2
1 -1 1 56 -1 1 -1 45 -1 1 -1 #SUP: 3 #SID: 0 1 2
1 -1 1 56 -1 1 -1 45 -1 1 -1 1 -1 #SUP: 3 #SID: 0 1 2
1 -1 1 56 -1 1 -1 45 -1 1 56 -1 #SUP: 3 #SID: 0 1 2
1 -1 1 56 -1 1 -1 45 -1 1 56 -1 1 -1 #SUP: 3 #SID: 0 1 2
1 -1 1 56 -1 1 -1 45 -1 56 -1 #SUP: 3 #SID: 0 1 2
1 -1 1 56 -1 1 -1 45 -1 56 -1 1 -1 #SUP: 3 #SID: 0 1 2
1 -1 1 56 -1 1 -1 56 -1 #SUP: 3 #SID: 0 1 2
1 -1 1 56 -1 1 -1 56 -1 1 -1 #SUP: 3 #SID: 0 1 2
1 -1 1 56 -1 1 -1 56 -1 56 -1 #SUP: 3 #SID: 0 1 2
1 -1 1 56 -1 1 -1 56 -1 56 -1 1 -1 #SUP: 3 #SID: 0 1 2
1 -1 1 56 -1 1 45 -1 #SUP: 3 #SID: 0 1 2
1 -1 1 56 -1 1 45 -1 1 -1 #SUP: 3 #SID: 0 1 2
1 -1 1 56 -1 1 45 -1 1 -1 1 -1 #SUP: 3 #SID: 0 1 2
1 -1 1 56 -1 1 45 -1 1 -1 1 -1 1 -1 #SUP: 3 #SID: 0 1 2
1 -1 1 56 -1 1 45 -1 1 56 -1 #SUP: 3 #SID: 0 1 2
1 -1 1 56 -1 1 45 -1 1 56 -1 1 -1 #SUP: 3 #SID: 0 1 2
1 -1 1 56 -1 1 45 -1 56 -1 #SUP: 3 #SID: 0 1 2
1 -1 1 56 -1 1 45 -1 56 -1 1 -1 #SUP: 3 #SID: 0 1 2
1 -1 1 56 -1 1 56 -1 #SUP: 3 #SID: 0 1 2
1 -1 1 56 -1 1 56 -1 1 -1 #SUP: 3 #SID: 0 1 2
1 -1 1 56 -1 1 56 -1 56 -1 #SUP: 3 #SID: 0 1 2
1 -1 1 56 -1 1 56 -1 56 -1 1 -1 #SUP: 3 #SID: 0 1 2
1 -1 1 56 -1 4 -1 #SUP: 3 #SID: 0 1 2
1 -1 1 56 -1 4 -1 1 -1 #SUP: 3 #SID: 0 1 2
1 -1 1 56 -1 4 -1 1 -1 1 -1 #SUP: 3 #SID: 0 1 2
1 -1 1 56 -1 4 -1 1 -1 1 -1 1 -1 #SUP: 3 #SID: 0 1 2
1 -1 1 56 -1 45 -1 #SUP: 3 #SID: 0 1 2
1 -1 1 56 -1 45 -1 1 -1 #SUP: 3 #SID: 0 1 2
1 -1 1 56 -1 45 -1 1 -1 1 -1 #SUP: 3 #SID: 0 1 2
1 -1 1 56 -1 45 -1 1 -1 1 -1 1 -1 #SUP: 3 #SID: 0 1 2
1 -1 1 56 -1 45 -1 1 56 -1 #SUP: 3 #SID: 0 1 2
1 -1 1 56 -1 45 -1 1 56 -1 1 -1 #SUP: 3 #SID: 0 1 2
1 -1 1 56 -1 45 -1 56 -1 #SUP: 3 #SID: 0 1 2
1 -1 1 56 -1 45 -1 56 -1 1 -1 #SUP: 3 #SID: 0 1 2
1 -1 1 56 -1 56 -1 #SUP: 3 #SID: 0 1 2
1 -1 1 56 -1 56 -1 1 -1 #SUP: 3 #SID: 0 1 2
1 -1 1 56 -1 56 -1 56 -1 #SUP: 3 #SID: 0 1 2
1 -1 1 56 -1 56 -1 56 -1 1 -1 #SUP: 3 #SID: 0 1 2
1 -1 4 -1 1 -1 1 -1 #SUP: 3 #SID: 0 1 2
1 -1 4 -1 1 -1 1 -1 1 -1 #SUP: 3 #SID: 0 1 2
1 -1 4 -1 4 -1 1 -1 #SUP: 3 #SID: 0 1 2
1 -1 4 -1 4 -1 1 -1 1 -1 #SUP: 3 #SID: 0 1 2
1 -1 4 56 -1 1 -1 #SUP: 3 #SID: 0 1 2
1 -1 4 56 -1 1 -1 1 -1 #SUP: 3 #SID: 0 1 2
1 -1 4 56 -1 1 -1 1 -1 1 -1 #SUP: 3 #SID: 0 1 2
1 -1 4 56 -1 4 -1 #SUP: 3 #SID: 0 1 2
1 -1 4 56 -1 4 -1 1 -1 #SUP: 3 #SID: 0 1 2
1 -1 4 56 -1 4 -1 1 -1 1 -1 #SUP: 3 #SID: 0 1 2
1 -1 45 -1 1 -1 1 -1 #SUP: 3 #SID: 0 1 2
1 -1 45 -1 1 -1 1 -1 1 -1 #SUP: 3 #SID: 0 1 2
1 -1 45 -1 1 -1 1 -1 1 -1 1 -1 #SUP: 3 #SID: 0 1 2
1 -1 45 -1 1 -1 4 -1 #SUP: 3 #SID: 0 1 2
1 -1 45 -1 1 -1 4 -1 1 -1 #SUP: 3 #SID: 0 1 2
1 -1 45 -1 1 -1 4 -1 1 -1 1 -1 #SUP: 3 #SID: 0 1 2
1 -1 45 -1 1 56 -1 #SUP: 3 #SID: 0 1 2
1 -1 45 -1 1 56 -1 1 -1 #SUP: 3 #SID: 0 1 2
1 -1 45 -1 1 56 -1 1 -1 1 -1 #SUP: 3 #SID: 0 1 2
1 -1 45 -1 1 56 -1 1 -1 1 -1 1 -1 #SUP: 3 #SID: 0 1 2
1 -1 45 -1 1 56 -1 4 -1 #SUP: 3 #SID: 0 1 2
1 -1 45 -1 1 56 -1 4 -1 1 -1 #SUP: 3 #SID: 0 1 2
1 -1 45 -1 1 56 -1 4 -1 1 -1 1 -1 #SUP: 3 #SID: 0 1 2
1 -1 45 -1 4 -1 1 -1 #SUP: 3 #SID: 0 1 2
1 -1 45 -1 4 -1 1 -1 1 -1 #SUP: 3 #SID: 0 1 2
1 -1 45 -1 4 -1 1 -1 1 -1 1 -1 #SUP: 3 #SID: 0 1 2
1 -1 45 -1 4 -1 4 -1 #SUP: 3 #SID: 0 1 2
1 -1 45 -1 4 -1 4 -1 1 -1 #SUP: 3 #SID: 0 1 2
1 -1 45 -1 4 -1 4 -1 1 -1 1 -1 #SUP: 3 #SID: 0 1 2
1 -1 45 -1 4 56 -1 #SUP: 3 #SID: 0 1 2
1 -1 45 -1 4 56 -1 1 -1 #SUP: 3 #SID: 0 1 2
1 -1 45 -1 4 56 -1 1 -1 1 -1 #SUP: 3 #SID: 0 1 2
1 -1 45 -1 4 56 -1 1 -1 1 -1 1 -1 #SUP: 3 #SID: 0 1 2
1 -1 45 -1 4 56 -1 4 -1 #SUP: 3 #SID: 0 1 2
1 -1 45 -1 4 56 -1 4 -1 1 -1 #SUP: 3 #SID: 0 1 2
1 -1 45 -1 4 56 -1 4 -1 1 -1 1 -1 #SUP: 3 #SID: 0 1 2
1 -1 45 -1 56 -1 1 -1 #SUP: 3 #SID: 0 1 2
1 -1 45 -1 56 -1 1 -1 1 -1 #SUP: 3 #SID: 0 1 2
1 -1 45 -1 56 -1 1 -1 1 -1 1 -1 #SUP: 3 #SID: 0 1 2
1 -1 45 -1 56 -1 4 -1 #SUP: 3 #SID: 0 1 2
1 -1 45 -1 56 -1 4 -1 1 -1 #SUP: 3 #SID: 0 1 2
1 -1 45 -1 56 -1 4 -1 1 -1 1 -1 #SUP: 3 #SID: 0 1 2
1 -1 45 49 -1 1 -1 #SUP: 3 #SID: 0 1 2
1 -1 45 49 -1 1 -1 1 -1 #SUP: 3 #SID: 0 1 2
1 -1 45 49 -1 1 -1 1 -1 1 -1 #SUP: 3 #SID: 0 1 2
1 -1 45 49 -1 1 -1 4 -1 #SUP: 3 #SID: 0 1 2
1 -1 45 49 -1 1 -1 4 -1 1 -1 #SUP: 3 #SID: 0 1 2
1 -1 45 49 -1 1 -1 4 -1 1 -1 1 -1 #SUP: 3 #SID: 0 1 2
1 -1 45 49 -1 1 56 -1 #SUP: 3 #SID: 0 1 2
1 -1 45 49 -1 1 56 -1 1 -1 #SUP: 3 #SID: 0 1 2
1 -1 45 49 -1 1 56 -1 1 -1 1 -1 #SUP: 3 #SID: 0 1 2
1 -1 45 49 -1 1 56 -1 4 -1 #SUP: 3 #SID: 0 1 2
1 -1 45 49 -1 1 56 -1 4 -1 1 -1 #SUP: 3 #SID: 0 1 2
1 -1 45 49 -1 1 56 -1 4 -1 1 -1 1 -1 #SUP: 3 #SID: 0 1 2
1 -1 45 49 -1 4 -1 #SUP: 3 #SID: 0 1 2
1 -1 45 49 -1 4 -1 1 -1 #SUP: 3 #SID: 0 1 2
1 -1 45 49 -1 4 -1 1 -1 1 -1 #SUP: 3 #SID: 0 1 2
1 -1 45 49 -1 4 -1 1 -1 1 -1 1 -1 #SUP: 3 #SID: 0 1 2
1 -1 45 49 -1 4 -1 4 -1 #SUP: 3 #SID: 0 1 2
1 -1 45 49 -1 4 -1 4 -1 1 -1 #SUP: 3 #SID: 0 1 2
1 -1 45 49 -1 4 -1 4 -1 1 -1 1 -1 #SUP: 3 #SID: 0 1 2
1 -1 45 49 -1 4 56 -1 #SUP: 3 #SID: 0 1 2
1 -1 45 49 -1 4 56 -1 1 -1 #SUP: 3 #SID: 0 1 2
1 -1 45 49 -1 4 56 -1 1 -1 1 -1 #SUP: 3 #SID: 0 1 2
1 -1 45 49 -1 4 56 -1 1 -1 1 -1 1 -1 #SUP: 3 #SID: 0 1 2
1 -1 45 49 -1 4 56 -1 4 -1 #SUP: 3 #SID: 0 1 2
1 -1 45 49 -1 4 56 -1 4 -1 1 -1 #SUP: 3 #SID: 0 1 2
1 -1 45 49 -1 4 56 -1 4 -1 1 -1 1 -1 #SUP: 3 #SID: 0 1 2
1 -1 45 49 -1 56 -1 #SUP: 3 #SID: 0 1 2
1 -1 45 49 -1 56 -1 1 -1 #SUP: 3 #SID: 0 1 2
1 -1 45 49 -1 56 -1 1 -1 1 -1 #SUP: 3 #SID: 0 1 2
1 -1 45 49 -1 56 -1 1 -1 1 -1 1 -1 #SUP: 3 #SID: 0 1 2
1 -1 45 49 -1 56 -1 4 -1 #SUP: 3 #SID: 0 1 2
1 -1 45 49 -1 56 -1 4 -1 1 -1 #SUP: 3 #SID: 0 1 2
1 -1 45 49 -1 56 -1 4 -1 1 -1 1 -1 #SUP: 3 #SID: 0 1 2
1 -1 45 56 -1 1 -1 #SUP: 3 #SID: 0 1 2
1 -1 45 56 -1 1 -1 1 -1 #SUP: 3 #SID: 0 1 2
1 -1 45 56 -1 1 -1 1 -1 1 -1 #SUP: 3 #SID: 0 1 2
1 -1 45 56 -1 1 -1 1 -1 1 -1 1 -1 #SUP: 3 #SID: 0 1 2
1 -1 45 56 -1 1 56 -1 #SUP: 3 #SID: 0 1 2
1 -1 45 56 -1 1 56 -1 1 -1 #SUP: 3 #SID: 0 1 2
1 -1 45 56 -1 4 -1 #SUP: 3 #SID: 0 1 2
1 -1 45 56 -1 4 -1 1 -1 #SUP: 3 #SID: 0 1 2
1 -1 45 56 -1 4 -1 1 -1 1 -1 #SUP: 3 #SID: 0 1 2
1 -1 45 56 -1 4 -1 1 -1 1 -1 1 -1 #SUP: 3 #SID: 0 1 2
1 -1 45 56 -1 56 -1 #SUP: 3 #SID: 0 1 2
1 -1 45 56 -1 56 -1 1 -1 #SUP: 3 #SID: 0 1 2
1 -1 49 -1 1 -1 1 -1 #SUP: 3 #SID: 0 1 2
1 -1 49 -1 1 -1 1 -1 1 -1 #SUP: 3 #SID: 0 1 2
1 -1 49 -1 1 -1 1 -1 1 -1 1 -1 #SUP: 3 #SID: 0 1 2
1 -1 49 -1 1 -1 4 -1 #SUP: 3 #SID: 0 1 2
1 -1 49 -1 1 -1 4 -1 1 -1 #SUP: 3 #SID: 0 1 2
1 -1 49 -1 1 -1 4 -1 1 -1 1 -1 #SUP: 3 #SID: 0 1 2
1 -1 49 -1 1 56 -1 #SUP: 3 #SID: 0 1 2
1 -1 49 -1 1 56 -1 1 -1 #SUP: 3 #SID: 0 1 2
1 -1 49 -1 1 56 -1 1 -1 1 -1 #SUP: 3 #SID: 0 1 2
1 -1 49 -1 1 56 -1 4 -1 #SUP: 3 #SID: 0 1 2
1 -1 49 -1 1 56 -1 4 -1 1 -1 #SUP: 3 #SID: 0 1 2
1 -1 49 -1 1 56 -1 4 -1 1 -1 1 -1 #SUP: 3 #SID: 0 1 2
1 -1 49 -1 4 -1 1 -1 #SUP: 3 #SID: 0 1 2
1 -1 49 -1 4 -1 1 -1 1 -1 #SUP: 3 #SID: 0 1 2
1 -1 49 -1 4 -1 1 -1 1 -1 1 -1 #SUP: 3 #SID: 0 1 2
1 -1 49 -1 4 -1 4 -1 #SUP: 3 #SID: 0 1 2
1 -1 49 -1 4 -1 4 -1 1 -1 #SUP: 3 #SID: 0 1 2
1 -1 49 -1 4 -1 4 -1 1 -1 1 -1 #SUP: 3 #SID: 0 1 2
1 -1 49 -1 4 56 -1 #SUP: 3 #SID: 0 1 2
1 -1 49 -1 4 56 -1 1 -1 #SUP: 3 #SID: 0 1 2
1 -1 49 -1 4 56 -1 1 -1 1 -1 #SUP: 3 #SID: 0 1 2
1 -1 49 -1 4 56 -1 1 -1 1 -1 1 -1 #SUP: 3 #SID: 0 1 2
1 -1 49 -1 4 56 -1 4 -1 #SUP: 3 #SID: 0 1 2
1 -1 49 -1 4 56 -1 4 -1 1 -1 #SUP: 3 #SID: 0 1 2
1 -1 49 -1 4 56 -1 4 -1 1 -1 1 -1 #SUP: 3 #SID: 0 1 2
1 -1 49 -1 56 -1 1 -1 #SUP: 3 #SID: 0 1 2
1 -1 49 -1 56 -1 1 -1 1 -1 #SUP: 3 #SID: 0 1 2
1 -1 49 -1 56 -1 1 -1 1 -1 1 -1 #SUP: 3 #SID: 0 1 2
1 -1 49 -1 56 -1 4 -1 #SUP: 3 #SID: 0 1 2
1 -1 49 -1 56 -1 4 -1 1 -1 #SUP: 3 #SID: 0 1 2
1 -1 49 -1 56 -1 4 -1 1 -1 1 -1 #SUP: 3 #SID: 0 1 2
1 -1 56 -1 1 -1 1 -1 #SUP: 3 #SID: 0 1 2
1 -1 56 -1 1 -1 1 -1 1 -1 #SUP: 3 #SID: 0 1 2
1 -1 56 -1 1 -1 1 -1 1 -1 1 -1 #SUP: 3 #SID: 0 1 2
1 -1 56 -1 1 -1 1 -1 1 56 -1 #SUP: 3 #SID: 0 1 2
1 -1 56 -1 1 -1 1 -1 1 56 -1 1 -1 #SUP: 3 #SID: 0 1 2
1 -1 56 -1 1 -1 1 -1 56 -1 #SUP: 3 #SID: 0 1 2
1 -1 56 -1 1 -1 1 -1 56 -1 1 -1 #SUP: 3 #SID: 0 1 2
1 -1 56 -1 1 -1 1 45 -1 #SUP: 3 #SID: 0 1 2
1 -1 56 -1 1 -1 1 45 -1 1 -1 #SUP: 3 #SID: 0 1 2
1 -1 56 -1 1 -1 1 45 -1 1 -1 1 -1 #SUP: 3 #SID: 0 1 2
1 -1 56 -1 1 -1 1 45 -1 1 56 -1 #SUP: 3 #SID: 0 1 2
1 -1 56 -1 1 -1 1 45 -1 1 56 -1 1 -1 #SUP: 3 #SID: 0 1 2
1 -1 56 -1 1 -1 1 45 -1 56 -1 #SUP: 3 #SID: 0 1 2
1 -1 56 -1 1 -1 1 45 -1 56 -1 1 -1 #SUP: 3 #SID: 0 1 2
1 -1 56 -1 1 -1 1 56 -1 #SUP: 3 #SID: 0 1 2
1 -1 56 -1 1 -1 1 56 -1 1 -1 #SUP: 3 #SID: 0 1 2
1 -1 56 -1 1 -1 1 56 -1 56 -1 #SUP: 3 #SID: 0 1 2
1 -1 56 -1 1 -1 1 56 -1 56 -1 1 -1 #SUP: 3 #SID: 0 1 2
1 -1 56 -1 1 -1 45 -1 #SUP: 3 #SID: 0 1 2
1 -1 56 -1 1 -1 45 -1 1 -1 #SUP: 3 #SID: 0 1 2
1 -1 56 -1 1 -1 45 -1 1 -1 1 -1 #SUP: 3 #SID: 0 1 2
1 -1 56 -1 1 -1 45 -1 1 56 -1 #SUP: 3 #SID: 0 1 2
1 -1 56 -1 1 -1 45 -1 1 56 -1 1 -1 #SUP: 3 #SID: 0 1 2
1 -1 56 -1 1 -1 45 -1 56 -1 #SUP: 3 #SID: 0 1 2
1 -1 56 -1 1 -1 45 -1 56 -1 1 -1 #SUP: 3 #SID: 0 1 2
1 -1 56 -1 1 -1 56 -1 #SUP: 3 #SID: 0 1 2
1 -1 56 -1 1 -1 56 -1 1 -1 #SUP: 3 #SID: 0 1 2
1 -1 56 -1 1 -1 56 -1 56 -1 #SUP: 3 #SID: 0 1 2
1 -1 56 -1 1 -1 56 -1 56 -1 1 -1 #SUP: 3 #SID: 0 1 2
1 -1 56 -1 1 45 -1 #SUP: 3 #SID: 0 1 2
1 -1 56 -1 1 45 -1 1 -1 #SUP: 3 #SID: 0 1 2
1 -1 56 -1 1 45 -1 1 -1 1 -1 #SUP: 3 #SID: 0 1 2
1 -1 56 -1 1 45 -1 1 -1 1 -1 1 -1 #SUP: 3 #SID: 0 1 2
1 -1 56 -1 1 45 -1 1 56 -1 #SUP: 3 #SID: 0 1 2
1 -1 56 -1 1 45 -1 1 56 -1 1 -1 #SUP: 3 #SID: 0 1 2
1 -1 56 -1 1 45 -1 56 -1 #SUP: 3 #SID: 0 1 2
1 -1 56 -1 1 45 -1 56 -1 1 -1 #SUP: 3 #SID: 0 1 2
1 -1 56 -1 1 56 -1 #SUP: 3 #SID: 0 1 2
1 -1 56 -1 1 56 -1 1 -1 #SUP: 3 #SID: 0 1 2
1 -1 56 -1 1 56 -1 56 -1 #SUP: 3 #SID: 0 1 2
1 -1 56 -1 1 56 -1 56 -1 1 -1 #SUP: 3 #SID: 0 1 2
1 -1 56 -1 4 -1 1 -1 #SUP: 3 #SID: 0 1 2
1 -1 56 -1 4 -1 1 -1 1 -1 #SUP: 3 #SID: 0 1 2
1 -1 56 -1 4 -1 1 -1 1 -1 1 -1 #SUP: 3 #SID: 0 1 2
1 -1 56 -1 45 -1 1 -1 #SUP: 3 #SID: 0 1 2
1 -1 56 -1 45 -1 1 -1 1 -1 #SUP: 3 #SID: 0 1 2
1 -1 56 -1 45 -1 1 -1 1 -1 1 -1 #SUP: 3 #SID: 0 1 2
1 -1 56 -1 45 -1 1 56 -1 #SUP: 3 #SID: 0 1 2
1 -1 56 -1 45 -1 1 56 -1 1 -1 #SUP: 3 #SID: 0 1 2
1 -1 56 -1 45 -1 56 -1 #SUP: 3 #SID: 0 1 2
1 -1 56 -1 45 -1 56 -1 1 -1 #SUP: 3 #SID: 0 1 2
1 -1 56 -1 56 -1 1 -1 #SUP: 3 #SID: 0 1 2
1 -1 56 -1 56 -1 56 -1 #SUP: 3 #SID: 0 1 2
1 -1 56 -1 56 -1 56 -1 1 -1 #SUP: 3 #SID: 0 1 2
1 4 -1 1 -1 1 -1 #SUP: 3 #SID: 0 1 2
1 4 -1 1 -1 1 -1 1 -1 #SUP: 3 #SID: 0 1 2
1 4 -1 1 4 -1 #SUP: 3 #SID: 0 1 2
1 4 -1 1 4 -1 1 -1 #SUP: 3 #SID: 0 1 2
1 4 -1 1 4 -1 1 -1 1 -1 #SUP: 3 #SID: 0 1 2
1 4 -1 4 -1 1 -1 #SUP: 3 #SID: 0 1 2
1 4 -1 4 -1 1 -1 1 -1 #SUP: 3 #SID: 0 1 2
1 45 -1 1 -1 1 -1 #SUP: 3 #SID: 0 1 2
1 45 -1 1 -1 1 -1 1 -1 #SUP: 3 #SID: 0 1 2
1 45 -1 1 -1 1 -1 1 -1 1 -1 #SUP: 3 #SID: 0 1 2
1 45 -1 1 -1 4 -1 #SUP: 3 #SID: 0 1 2
1 45 -1 1 -1 4 -1 1 -1 #SUP: 3 #SID: 0 1 2
1 45 -1 1 -1 4 -1 1 -1 1 -1 #SUP: 3 #SID: 0 1 2
1 45 -1 1 56 -1 #SUP: 3 #SID: 0 1 2
1 45 -1 1 56 -1 1 -1 #SUP: 3 #SID: 0 1 2
1 45 -1 1 56 -1 1 -1 1 -1 #SUP: 3 #SID: 0 1 2
1 45 -1 1 56 -1 1 -1 1 -1 1 -1 #SUP: 3 #SID: 0 1 2
1 45 -1 1 56 -1 4 -1 #SUP: 3 #SID: 0 1 2
1 45 -1 1 56 -1 4 -1 1 -1 #SUP: 3 #SID: 0 1 2
1 45 -1 1 56 -1 4 -1 1 -1 1 -1 #SUP: 3 #SID: 0 1 2
1 45 -1 4 -1 1 -1 #SUP: 3 #SID: 0 1 2
1 45 -1 4 -1 1 -1 1 -1 #SUP: 3 #SID: 0 1 2
1 45 -1 4 -1 1 -1 1 -1 1 -1 #SUP: 3 #SID: 0 1 2
1 45 -1 4 -1 4 -1 #SUP: 3 #SID: 0 1 2
1 45 -1 4 -1 4 -1 1 -1 #SUP: 3 #SID: 0 1 2
1 45 -1 4 -1 4 -1 1 -1 1 -1 #SUP: 3 #SID: 0 1 2
1 45 -1 4 56 -1 #SUP: 3 #SID: 0 1 2
1 45 -1 4 56 -1 1 -1 #SUP: 3 #SID: 0 1 2
1 45 -1 4 56 -1 1 -1 1 -1 #SUP: 3 #SID: 0 1 2
1 45 -1 4 56 -1 1 -1 1 -1 1 -1 #SUP: 3 #SID: 0 1 2
1 45 -1 4 56 -1 4 -1 #SUP: 3 #SID: 0 1 2
1 45 -1 4 56 -1 4 -1 1 -1 #SUP: 3 #SID: 0 1 2
1 45 -1 4 56 -1 4 -1 1 -1 1 -1 #SUP: 3 #SID: 0 1 2
1 45 -1 56 -1 1 -1 #SUP: 3 #SID: 0 1 2
1 45 -1 56 -1 1 -1 1 -1 #SUP: 3 #SID: 0 1 2
1 45 -1 56 -1 1 -1 1 -1 1 -1 #SUP: 3 #SID: 0 1 2
1 45 -1 56 -1 4 -1 #SUP: 3 #SID: 0 1 2
1 45 -1 56 -1 4 -1 1 -1 #SUP: 3 #SID: 0 1 2
1 45 -1 56 -1 4 -1 1 -1 1 -1 #SUP: 3 #SID: 0 1 2
1 45 49 -1 1 -1 #SUP: 3 #SID: 0 1 2
1 45 49 -1 1 -1 1 -1 #SUP: 3 #SID: 0 1 2
1 45 49 -1 1 -1 1 -1 1 -1 #SUP: 3 #SID: 0 1 2
1 45 49 -1 1 -1 4 -1 #SUP: 3 #SID: 0 1 2
1 45 49 -1 1 -1 4 -1 1 -1 #SUP: 3 #SID: 0 1 2
1 45 49 -1 1 -1 4 -1 1 -1 1 -1 #SUP: 3 #SID: 0 1 2
1 45 49 -1 1 56 -1 #SUP: 3 #SID: 0 1 2
1 45 49 -1 1 56 -1 1 -1 #SUP: 3 #SID: 0 1 2
1 45 49 -1 1 56 -1 1 -1 1 -1 #SUP: 3 #SID: 0 1 2
1 45 49 -1 1 56 -1 4 -1 #SUP: 3 #SID: 0 1 2
1 45 49 -1 1 56 -1 4 -1 1 -1 #SUP: 3 #SID: 0 1 2
1 45 49 -1 1 56 -1 4 -1 1 -1 1 -1 #SUP: 3 #SID: 0 1 2
1 45 49 -1 4 -1 #SUP: 3 #SID: 0 1 2
1 45 49 -1 4 -1 1 -1 #SUP: 3 #SID: 0 1 2
1 45 49 -1 4 -1 1 -1 1 -1 #SUP: 3 #SID: 0 1 2
1 45 49 -1 4 -1 1 -1 1 -1 1 -1 #SUP: 3 #SID: 0 1 2
1 45 49 -1 4 -1 4 -1 #SUP: 3 #SID: 0 1 2
1 45 49 -1 4 -1 4 -1 1 -1 #SUP: 3 #SID: 0 1 2
1 45 49 -1 4 -1 4 -1 1 -1 1 -1 #SUP: 3 #SID: 0 1 2
1 45 49 -1 4 56 -1 #SUP: 3 #SID: 0 1 2
1 45 49 -1 4 56 -1 1 -1 #SUP: 3 #SID: 0 1 2
1 45 49 -1 4 56 -1 1 -1 1 -1 #SUP: 3 #SID: 0 1 2
1 45 49 -1 4 56 -1 1 -1 1 -1 1 -1 #SUP: 3 #SID: 0 1 2
1 45 49 -1 4 56 -1 4 -1 #SUP: 3 #SID: 0 1 2
1 45 49 -1 4 56 -1 4 -1 1 -1 #SUP: 3 #SID: 0 1 2
1 45 49 -1 4 56 -1 4 -1 1 -1 1 -1 #SUP: 3 #SID: 0 1 2
1 45 49 -1 56 -1 #SUP: 3 #SID: 0 1 2
1 45 49 -1 56 -1 1 -1 #SUP: 3 #SID: 0 1 2
1 45 49 -1 56 -1 1 -1 1 -1 #SUP: 3 #SID: 0 1 2
1 45 49 -1 56 -1 1 -1 1 -1 1 -1 #SUP: 3 #SID: 0 1 2
1 45 49 -1 56 -1 4 -1 #SUP: 3 #SID: 0 1 2
1 45 49 -1 56 -1 4 -1 1 -1 #SUP: 3 #SID: 0 1 2
1 45 49 -1 56 -1 4 -1 1 -1 1 -1 #SUP: 3 #SID: 0 1 2
1 49 -1 1 -1 1 -1 #SUP: 3 #SID: 0 1 2
1 49 -1 1 -1 1 -1 1 -1 #SUP: 3 #SID: 0 1 2
1 49 -1 1 -1 1 -1 1 -1 1 -1 #SUP: 3 #SID: 0 1 2
1 49 -1 1 -1 4 -1 #SUP: 3 #SID: 0 1 2
1 49 -1 1 -1 4 -1 1 -1 #SUP: 3 #SID: 0 1 2
1 49 -1 1 -1 4 -1 1 -1 1 -1 #SUP: 3 #SID: 0 1 2
1 49 -1 1 56 -1 #SUP: 3 #SID: 0 1 2
1 49 -1 1 56 -1 1 -1 #SUP: 3 #SID: 0 1 2
1 49 -1 1 56 -1 1 -1 1 -1 #SUP: 3 #SID: 0 1 2
1 49 -1 1 56 -1 4 -1 #SUP: 3 #SID: 0 1 2
1 49 -1 1 56 -1 4 -1 1 -1 #SUP: 3 #SID: 0 1 2
1 49 -1 1 56 -1 4 -1 1 -1 1 -1 #SUP: 3 #SID: 0 1 2
1 49 -1 4 -1 1 -1 #SUP: 3 #SID: 0 1 2
1 49 -1 4 -1 1 -1 1 -1 #SUP: 3 #SID: 0 1 2
1 49 -1 4 -1 1 -1 1 -1 1 -1 #SUP: 3 #SID: 0 1 2
1 49 -1 4 -1 4 -1 #SUP: 3 #SID: 0 1 2
1 49 -1 4 -1 4 -1 1 -1 #SUP: 3 #SID: 0 1 2
1 49 -1 4 -1 4 -1 1 -1 1 -1 #SUP: 3 #SID: 0 1 2
1 49 -1 4 56 -1 #SUP: 3 #SID: 0 1 2
1 49 -1 4 56 -1 1 -1 #SUP: 3 #SID: 0 1 2
1 49 -1 4 56 -1 1 -1 1 -1 #SUP: 3 #SID: 0 1 2
1 49 -1 4 56 -1 1 -1 1 -1 1 -1 #SUP: 3 #SID: 0 1 2
1 49 -1 4 56 -1 4 -1 #SUP: 3 #SID: 0 1 2
1 49 -1 4 56 -1 4 -1 1 -1 #SUP: 3 #SID: 0 1 2
1 49 -1 4 56 -1 4 -1 1 -1 1 -1 #SUP: 3 #SID: 0 1 2
1 49 -1 56 -1 1 -1 #SUP: 3 #SID: 0 1 2
1 49 -1 56 -1 1 -1 1 -1 #SUP: 3 #SID: 0 1 2
1 49 -1 56 -1 1 -1 1 -1 1 -1 #SUP: 3 #SID: 0 1 2
1 49 -1 56 -1 4 -1 #SUP: 3 #SID: 0 1 2
1 49 -1 56 -1 4 -1 1 -1 #SUP: 3 #SID: 0 1 2
1 49 -1 56 -1 4 -1 1 -1 1 -1 #SUP: 3 #SID: 0 1 2
1 56 -1 1 -1 1 -1 #SUP: 3 #SID: 0 1 2
1 56 -1 1 -1 1 -1 1 -1 #SUP: 3 #SID: 0 1 2
1 56 -1 1 -1 1 -1 1 -1 1 -1 #SUP: 3 #SID: 0 1 2
1 56 -1 1 -1 1 -1 1 -1 56 -1 #SUP: 3 #SID: 0 1 2
1 56 -1 1 -1 1 -1 1 -1 56 -1 1 -1 #SUP: 3 #SID: 0 1 2
1 56 -1 1 -1 1 -1 1 56 -1 #SUP: 3 #SID: 0 1 2
1 56 -1 1 -1 1 -1 1 56 -1 1 -1 #SUP: 3 #SID: 0 1 2
1 56 -1 1 -1 1 -1 1 56 -1 56 -1 #SUP: 3 #SID: 0 1 2
1 56 -1 1 -1 1 -1 1 56 -1 56 -1 1 -1 #SUP: 3 #SID: 0 1 2
1 56 -1 1 -1 1 -1 56 -1 #SUP: 3 #SID: 0 1 2
1 56 -1 1 -1 1 -1 56 -1 1 -1 #SUP: 3 #SID: 0 1 2
1 56 -1 1 -1 1 -1 56 -1 56 -1 #SUP: 3 #SID: 0 1 2
1 56 -1 1 -1 1 -1 56 -1 56 -1 1 -1 #SUP: 3 #SID: 0 1 2
1 56 -1 1 -1 1 45 -1 #SUP: 3 #SID: 0 1 2
1 56 -1 1 -1 1 45 -1 1 -1 #SUP: 3 #SID: 0 1 2
1 56 -1 1 -1 1 45 -1 1 -1 1 -1 #SUP: 3 #SID: 0 1 2
1 56 -1 1 -1 1 45 -1 1 56 -1 #SUP: 3 #SID: 0 1 2
1 56 -1 1 -1 1 45 -1 1 56 -1 1 -1 #SUP: 3 #SID: 0 1 2
1 56 -1 1 -1 1 45 -1 56 -1 #SUP: 3 #SID: 0 1 2
1 56 -1 1 -1 1 45 -1 56 -1 1 -1 #SUP: 3 #SID: 0 1 2
1 56 -1 1 -1 1 56 -1 #SUP: 3 #SID: 0 1 2
1 56 -1 1 -1 1 56 -1 1 -1 #SUP: 3 #SID: 0 1 2
1 56 -1 1 -1 1 56 -1 56 -1 #SUP: 3 #SID: 0 1 2
1 56 -1 1 -1 1 56 -1 56 -1 1 -1 #SUP: 3 #SID: 0 1 2
1 56 -1 1 -1 45 -1 #SUP: 3 #SID: 0 1 2
1 56 -1 1 -1 45 -1 1 -1 #SUP: 3 #SID: 0 1 2
1 56 -1 1 -1 45 -1 1 -1 1 -1 #SUP: 3 #SID: 0 1 2
1 56 -1 1 -1 45 -1 1 56 -1 #SUP: 3 #SID: 0 1 2
1 56 -1 1 -1 45 -1 1 56 -1 1 -1 #SUP: 3 #SID: 0 1 2
1 56 -1 1 -1 45 -1 56 -1 #SUP: 3 #SID: 0 1 2
1 56 -1 1 -1 45 -1 56 -1 1 -1 #SUP: 3 #SID: 0 1 2
1 56 -1 1 -1 56 -1 #SUP: 3 #SID: 0 1 2
1 56 -1 1 -1 56 -1 1 -1 #SUP: 3 #SID: 0 1 2
1 56 -1 1 -1 56 -1 56 -1 #SUP: 3 #SID: 0 1 2
1 56 -1 1 -1 56 -1 56 -1 1 -1 #SUP: 3 #SID: 0 1 2
1 56 -1 1 45 -1 #SUP: 3 #SID: 0 1 2
1 56 -1 1 45 -1 1 -1 #SUP: 3 #SID: 0 1 2
1 56 -1 1 45 -1 1 -1 1 -1 #SUP: 3 #SID: 0 1 2
1 56 -1 1 45 -1 1 -1 1 -1 1 -1 #SUP: 3 #SID: 0 1 2
1 56 -1 1 45 -1 1 56 -1 #SUP: 3 #SID: 0 1 2
1 56 -1 1 45 -1 1 56 -1 1 -1 #SUP: 3 #SID: 0 1 2
1 56 -1 1 45 -1 56 -1 #SUP: 3 #SID: 0 1 2
1 56 -1 1 45 -1 56 -1 1 -1 #SUP: 3 #SID: 0 1 2
1 56 -1 1 56 -1 #SUP: 3 #SID: 0 1 2
1 56 -1 1 56 -1 1 -1 #SUP: 3 #SID: 0 1 2
1 56 -1 1 56 -1 56 -1 #SUP: 3 #SID: 0 1 2
1 56 -1 1 56 -1 56 -1 1 -1 #SUP: 3 #SID: 0 1 2
1 56 -1 4 -1 1 -1 #SUP: 3 #SID: 0 1 2
1 56 -1 4 -1 1 -1 1 -1 #SUP: 3 #SID: 0 1 2
1 56 -1 4 -1 1 -1 1 -1 1 -1 #SUP: 3 #SID: 0 1 2
1 56 -1 45 -1 1 -1 #SUP: 3 #SID: 0 1 2
1 56 -1 45 -1 1 -1 1 -1 #SUP: 3 #SID: 0 1 2
1 56 -1 45 -1 1 -1 1 -1 1 -1 #SUP: 3 #SID: 0 1 2
1 56 -1 45 -1 1 56 -1 #SUP: 3 #SID: 0 1 2
1 56 -1 45 -1 1 56 -1 1 -1 #SUP: 3 #SID: 0 1 2
1 56 -1 45 -1 56 -1 #SUP: 3 #SID: 0 1 2
1 56 -1 45 -1 56 -1 1 -1 #SUP: 3 #SID: 0 1 2
1 56 -1 56 -1 1 -1 #SUP: 3 #SID: 0 1 2
1 56 -1 56 -1 56 -1 #SUP: 3 #SID: 0 1 2
1 56 -1 56 -1 56 -1 1 -1 #SUP: 3 #SID: 0 1 2
4 -1 1 -1 1 -1 1 -1 #SUP: 3 #SID: 0 1 2
4 -1 1 4 -1 1 -1 #SUP: 3 #SID: 0 1 2
4 -1 1 4 -1 1 -1 1 -1 #SUP: 3 #SID: 0 1 2
4 -1 4 -1 1 -1 1 -1 #SUP: 3 #SID: 0 1 2
4 56 -1 1 -1 1 -1 #SUP: 3 #SID: 0 1 2
4 56 -1 1 -1 1 -1 1 -1 #SUP: 3 #SID: 0 1 2
4 56 -1 4 -1 1 -1 #SUP: 3 #SID: 0 1 2
4 56 -1 4 -1 1 -1 1 -1 #SUP: 3 #SID: 0 1 2
45 -1 1 -1 1 -1 1 -1 #SUP: 3 #SID: 0 1 2
45 -1 1 -1 1 -1 1 -1 1 -1 #SUP: 3 #SID: 0 1 2
45 -1 1 -1 4 -1 1 -1 #SUP: 3 #SID: 0 1 2
45 -1 1 -1 4 -1 1 -1 1 -1 #SUP: 3 #SID: 0 1 2
45 -1 1 56 -1 1 -1 #SUP: 3 #SID: 0 1 2
45 -1 1 56 -1 1 -1 1 -1 #SUP: 3 #SID: 0 1 2
45 -1 1 56 -1 1 -1 1 -1 1 -1 #SUP: 3 #SID: 0 1 2
45 -1 1 56 -1 4 -1 #SUP: 3 #SID: 0 1 2
45 -1 1 56 -1 4 -1 1 -1 #SUP: 3 #SID: 0 1 2
45 -1 1 56 -1 4 -1 1 -1 1 -1 #SUP: 3 #SID: 0 1 2
45 -1 4 -1 1 -1 1 -1 #SUP: 3 #SID: 0 1 2
45 -1 4 -1 1 -1 1 -1 1 -1 #SUP: 3 #SID: 0 1 2
45 -1 4 -1 4 -1 1 -1 #SUP: 3 #SID: 0 1 2
45 -1 4 -1 4 -1 1 -1 1 -1 #SUP: 3 #SID: 0 1 2
45 -1 4 56 -1 1 -1 #SUP: 3 #SID: 0 1 2
45 -1 4 56 -1 1 -1 1 -1 #SUP: 3 #SID: 0 1 2
45 -1 4 56 -1 1 -1 1 -1 1 -1 #SUP: 3 #SID: 0 1 2
45 -1 4 56 -1 4 -1 #SUP: 3 #SID: 0 1 2
45 -1 4 56 -1 4 -1 1 -1 #SUP: 3 #SID: 0 1 2
45 -1 4 56 -1 4 -1 1 -1 1 -1 #SUP: 3 #SID: 0 1 2
45 -1 56 -1 1 -1 1 -1 #SUP: 3 #SID: 0 1 2
45 -1 56 -1 1 -1 1 -1 1 -1 #SUP: 3 #SID: 0 1 2
45 -1 56 -1 4 -1 1 -1 #SUP: 3 #SID: 0 1 2
45 -1 56 -1 4 -1 1 -1 1 -1 #SUP: 3 #SID: 0 1 2
45 49 -1 1 -1 1 -1 #SUP: 3 #SID: 0 1 2
45 49 -1 1 -1 1 -1 1 -1 #SUP: 3 #SID: 0 1 2
45 49 -1 1 -1 4 -1 #SUP: 3 #SID: 0 1 2
45 49 -1 1 -1 4 -1 1 -1 #SUP: 3 #SID: 0 1 2
45 49 -1 1 -1 4 -1 1 -1 1 -1 #SUP: 3 #SID: 0 1 2
45 49 -1 1 56 -1 #SUP: 3 #SID: 0 1 2
45 49 -1 1 56 -1 1 -1 #SUP: 3 #SID: 0 1 2
45 49 -1 1 56 -1 1 -1 1 -1 #SUP: 3 #SID: 0 1 2
45 49 -1 1 56 -1 4 -1 #SUP: 3 #SID: 0 1 2
45 49 -1 1 56 -1 4 -1 1 -1 #SUP: 3 #SID: 0 1 2
45 49 -1 1 56 -1 4 -1 1 -1 1 -1 #SUP: 3 #SID: 0 1 2
45 49 -1 4 -1 1 -1 #SUP: 3 #SID: 0 1 2
45 49 -1 4 -1 1 -1 1 -1 #SUP: 3 #SID: 0 1 2
45 49 -1 4 -1 1 -1 1 -1 1 -1 #SUP: 3 #SID: 0 1 2
45 49 -1 4 -1 4 -1 #SUP: 3 #SID: 0 1 2
45 49 -1 4 -1 4 -1 1 -1 #SUP: 3 #SID: 0 1 2
45 49 -1 4 -1 4 -1 1 -1 1 -1 #SUP: 3 #SID: 0 1 2
45 49 -1 4 56 -1 #SUP: 3 #SID: 0 1 2
45 49 -1 4 56 -1 1 -1 #SUP: 3 #SID: 0 1 2
45 49 -1 4 56 -1 1 -1 1 -1 #SUP: 3 #SID: 0 1 2
45 49 -1 4 56 -1 1 -1 1 -1 1 -1 #SUP: 3 #SID: 0 1 2
45 49 -1 4 56 -1 4 -1 #SUP: 3 #SID: 0 1 2
45 49 -1 4 56 -1 4 -1 1 -1 #SUP: 3 #SID: 0 1 2
45 49 -1 4 56 -1 4 -1 1 -1 1 -1 #SUP: 3 #SID: 0 1 2
45 49 -1 56 -1 1 -1 #SUP: 3 #SID: 0 1 2
45 49 -1 56 -1 1 -1 1 -1 #SUP: 3 #SID: 0 1 2
45 49 -1 56 -1 1 -1 1 -1 1 -1 #SUP: 3 #SID: 0 1 2
45 49 -1 56 -1 4 -1 #SUP: 3 #SID: 0 1 2
45 49 -1 56 -1 4 -1 1 -1 #SUP: 3 #SID: 0 1 2
45 49 -1 56 -1 4 -1 1 -1 1 -1 #SUP: 3 #SID: 0 1 2
45 56 -1 1 -1 1 -1 #SUP: 3 #SID: 0 1 2
45 56 -1 1 -1 1 -1 1 -1 #SUP: 3 #SID: 0 1 2
45 56 -1 1 -1 1 -1 1 -1 1 -1 #SUP: 3 #SID: 0 1 2
45 56 -1 1 56 -1 #SUP: 3 #SID: 0 1 2
45 56 -1 1 56 -1 1 -1 #SUP: 3 #SID: 0 1 2
45 56 -1 4 -1 1 -1 #SUP: 3 #SID: 0 1 2
45 56 -1 4 -1 1 -1 1 -1 #SUP: 3 #SID: 0 1 2
45 56 -1 4 -1 1 -1 1 -1 1 -1 #SUP: 3 #SID: 0 1 2
45 56 -1 56 -1 1 -1 #SUP: 3 #SID: 0 1 2
49 -1 1 -1 1 -1 1 -1 #SUP: 3 #SID: 0 1 2
49 -1 1 -1 1 -1 1 -1 1 -1 #SUP: 3 #SID: 0 1 2
49 -1 1 -1 4 -1 1 -1 #SUP: 3 #SID: 0 1 2
49 -1 1 -1 4 -1 1 -1 1 -1 #SUP: 3 #SID: 0 1 2
49 -1 1 56 -1 1 -1 #SUP: 3 #SID: 0 1 2
49 -1 1 56 -1 1 -1 1 -1 #SUP: 3 #SID: 0 1 2
49 -1 1 56 -1 4 -1 #SUP: 3 #SID: 0 1 2
49 -1 1 56 -1 4 -1 1 -1 #SUP: 3 #SID: 0 1 2
49 -1 1 56 -1 4 -1 1 -1 1 -1 #SUP: 3 #SID: 0 1 2
49 -1 4 -1 1 -1 1 -1 #SUP: 3 #SID: 0 1 2
49 -1 4 -1 1 -1 1 -1 1 -1 #SUP: 3 #SID: 0 1 2
49 -1 4 -1 4 -1 1 -1 #SUP: 3 #SID: 0 1 2
49 -1 4 -1 4 -1 1 -1 1 -1 #SUP: 3 #SID: 0 1 2
49 -1 4 56 -1 1 -1 #SUP: 3 #SID: 0 1 2
49 -1 4 56 -1 1 -1 1 -1 #SUP: 3 #SID: 0 1 2
49 -1 4 56 -1 1 -1 1 -1 1 -1 #SUP: 3 #SID: 0 1 2
49 -1 4 56 -1 4 -1 #SUP: 3 #SID: 0 1 2
49 -1 4 56 -1 4 -1 1 -1 #SUP: 3 #SID: 0 1 2
49 -1 4 56 -1 4 -1 1 -1 1 -1 #SUP: 3 #SID: 0 1 2
49 -1 56 -1 1 -1 1 -1 #SUP: 3 #SID: 0 1 2
49 -1 56 -1 1 -1 1 -1 1 -1 #SUP: 3 #SID: 0 1 2
49 -1 56 -1 4 -1 1 -1 #SUP: 3 #SID: 0 1 2
49 -1 56 -1 4 -1 1 -1 1 -1 #SUP: 3 #SID: 0 1 2
56 -1 1 -1 1 -1 1 -1 #SUP: 3 #SID: 0 1 2
56 -1 1 -1 1 -1 1 -1 1 -1 #SUP: 3 #SID: 0 1 2
56 -1 1 -1 1 -1 1 -1 56 -1 #SUP: 3 #SID: 0 1 2
56 -1 1 -1 1 -1 1 -1 56 -1 1 -1 #SUP: 3 #SID: 0 1 2
56 -1 1 -1 1 -1 1 56 -1 #SUP: 3 #SID: 0 1 2
56 -1 1 -1 1 -1 1 56 -1 1 -1 #SUP: 3 #SID: 0 1 2
56 -1 1 -1 1 -1 1 56 -1 56 -1 #SUP: 3 #SID: 0 1 2
56 -1 1 -1 1 -1 1 56 -1 56 -1 1 -1 #SUP: 3 #SID: 0 1 2
56 -1 1 -1 1 -1 56 -1 #SUP: 3 #SID: 0 1 2
56 -1 1 -1 1 -1 56 -1 1 -1 #SUP: 3 #SID: 0 1 2
56 -1 1 -1 1 -1 56 -1 56 -1 #SUP: 3 #SID: 0 1 2
56 -1 1 -1 1 -1 56 -1 56 -1 1 -1 #SUP: 3 #SID: 0 1 2
56 -1 1 -1 1 45 -1 #SUP: 3 #SID: 0 1 2
56 -1 1 -1 1 45 -1 1 -1 #SUP: 3 #SID: 0 1 2
56 -1 1 -1 1 45 -1 1 -1 1 -1 #SUP: 3 #SID: 0 1 2
56 -1 1 -1 1 45 -1 1 56 -1 #SUP: 3 #SID: 0 1 2
56 -1 1 -1 1 45 -1 1 56 -1 1 -1 #SUP: 3 #SID: 0 1 2
56 -1 1 -1 1 45 -1 56 -1 #SUP: 3 #SID: 0 1 2
56 -1 1 -1 1 45 -1 56 -1 1 -1 #SUP: 3 #SID: 0 1 2
56 -1 1 -1 1 56 -1 #SUP: 3 #SID: 0 1 2
56 -1 1 -1 1 56 -1 1 -1 #SUP: 3 #SID: 0 1 2
56 -1 1 -1 1 56 -1 56 -1 #SUP: 3 #SID: 0 1 2
56 -1 1 -1 1 56 -1 56 -1 1 -1 #SUP: 3 #SID: 0 1 2
56 -1 1 -1 45 -1 1 -1 #SUP: 3 #SID: 0 1 2
56 -1 1 -1 45 -1 1 -1 1 -1 #SUP: 3 #SID: 0 1 2
56 -1 1 -1 45 -1 1 56 -1 #SUP: 3 #SID: 0 1 2
56 -1 1 -1 45 -1 1 56 -1 1 -1 #SUP: 3 #SID: 0 1 2
56 -1 1 -1 45 -1 56 -1 #SUP: 3 #SID: 0 1 2
56 -1 1 -1 45 -1 56 -1 1 -1 #SUP: 3 #SID: 0 1 2
56 -1 1 -1 56 -1 1 -1 #SUP: 3 #SID: 0 1 2
56 -1 1 -1 56 -1 56 -1 #SUP: 3 #SID: 0 1 2
56 -1 1 -1 56 -1 56 -1 1 -1 #SUP: 3 #SID: 0 1 2
56 -1 1 45 -1 1 -1 #SUP: 3 #SID: 0 1 2
56 -1 1 45 -1 1 -1 1 -1 #SUP: 3 #SID: 0 1 2
56 -1 1 45 -1 1 -1 1 -1 1 -1 #SUP: 3 #SID: 0 1 2
56 -1 1 45 -1 1 56 -1 #SUP: 3 #SID: 0 1 2
56 -1 1 45 -1 1 56 -1 1 -1 #SUP: 3 #SID: 0 1 2
56 -1 1 45 -1 56 -1 #SUP: 3 #SID: 0 1 2
56 -1 1 45 -1 56 -1 1 -1 #SUP: 3 #SID: 0 1 2
56 -1 1 56 -1 1 -1 #SUP: 3 #SID: 0 1 2
56 -1 1 56 -1 56 -1 #SUP: 3 #SID: 0 1 2
56 -1 1 56 -1 56 -1 1 -1 #SUP: 3 #SID: 0 1 2
56 -1 4 -1 1 -1 1 -1 #SUP: 3 #SID: 0 1 2
56 -1 4 -1 1 -1 1 -1 1 -1 #SUP: 3 #SID: 0 1 2
56 -1 45 -1 1 -1 1 -1 #SUP: 3 #SID: 0 1 2
56 -1 45 -1 1 -1 1 -1 1 -1 #SUP: 3 #SID: 0 1 2
56 -1 45 -1 1 56 -1 #SUP: 3 #SID: 0 1 2
56 -1 45 -1 1 56 -1 1 -1 #SUP: 3 #SID: 0 1 2
56 -1 45 -1 56 -1 1 -1 #SUP: 3 #SID: 0 1 2
56 -1 56 -1 56 -1 1 -1 #SUP: 3 #SID: 0 1 2
