2722 -1 #SUP: 3 #SID: 1 2 6
1 -1 4 -1 4 -1 2722 -1 #SUP: 3 #SID: 1 2 6
1 -1 4 -1 2722 -1 #SUP: 3 #SID: 1 2 6
1 -1 2722 -1 #SUP: 3 #SID: 1 2 6
1 11 -1 2722 -1 #SUP: 3 #SID: 1 2 6
2 -1 1 -1 4 -1 2722 -1 #SUP: 3 #SID: 1 2 6
2 -1 1 -1 2722 -1 #SUP: 3 #SID: 1 2 6
2 -1 1 11 -1 2722 -1 #SUP: 3 #SID: 1 2 6
2 -1 4 -1 1 -1 2722 -1 #SUP: 3 #SID: 1 2 6
2 -1 4 -1 1 11 -1 2722 -1 #SUP: 3 #SID: 1 2 6
2 -1 4 -1 11 -1 2722 -1 #SUP: 3 #SID: 1 2 6
2 -1 4 -1 2722 -1 #SUP: 3 #SID: 1 2 6
2 -1 11 -1 2722 -1 #SUP: 3 #SID: 1 2 6
2 -1 16 -1 1 -1 2722 -1 #SUP: 3 #SID: 1 2 6
2 -1 16 -1 1 11 -1 2722 -1 #SUP: 3 #SID: 1 2 6
2 -1 16 -1 4 -1 2722 -1 #SUP: 3 #SID: 1 2 6
2 -1 16 -1 11 -1 2722 -1 #SUP: 3 #SID: 1 2 6
2 -1 16 -1 2722 -1 #SUP: 3 #SID: 1 2 6
2 -1 2722 -1 #SUP: 3 #SID: 1 2 6
4 -1 1 -1 4 -1 2722 -1 #SUP: 3 #SID: 1 2 6
4 -1 1 -1 2722 -1 #SUP: 3 #SID: 1 2 6
4 -1 1 11 -1 2722 -1 #SUP: 3 #SID: 1 2 6
4 -1 4 -1 4 -1 2722 -1 #SUP: 3 #SID: 1 2 6
4 -1 4 -1 2722 -1 #SUP: 3 #SID: 1 2 6
4 -1 11 -1 2722 -1 #SUP: 3 #SID: 1 2 6
4 -1 2722 -1 #SUP: 3 #SID: 1 2 6
11 -1 2722 -1 #SUP: 3 #SID: 1 2 6
16 -1 1 -1 2722 -1 #SUP: 3 #SID: 1 2 6
16 -1 1 11 -1 2722 -1 #SUP: 3 #SID: 1 2 6
16 -1 4 -1 2722 -1 #SUP: 3 #SID: 1 2 6
16 -1 11 -1 2722 -1 #SUP: 3 #SID: 1 2 6
16 -1 2722 -1 #SUP: 3 #SID: 1 2 6
56 -1 1 -1 4 -1 2722 -1 #SUP: 3 #SID: 1 2 6
56 -1 1 -1 2722 -1 #SUP: 3 #SID: 1 2 6
56 -1 1 11 -1 2722 -1 #SUP: 3 #SID: 1 2 6
56 -1 4 -1 1 -1 2722 -1 #SUP: 3 #SID: 1 2 6
56 -1 4 -1 1 11 -1 2722 -1 #SUP: 3 #SID: 1 2 6
56 -1 4 -1 11 -1 2722 -1 #SUP: 3 #SID: 1 2 6
56 -1 4 -1 2722 -1 #SUP: 3 #SID: 1 2 6
56 -1 11 -1 2722 -1 #SUP: 3 #SID: 1 2 6
56 -1 2722 -1 #SUP: 3 #SID: 1 2 6
