1 -1 #SUP: 10 #SID: 0 1 2 3 4 5 6 7 8 9
4 -1 #SUP: 10 #SID: 0 1 2 3 4 5 6 7 8 9
9 -1 #SUP: 10 #SID: 0 1 2 3 4 5 6 7 8 9
11 -1 #SUP: 7 #SID: 0 1 2 5 7 8 9
55 -1 #SUP: 8 #SID: 0 1 2 5 6 7 8 9
56 -1 #SUP: 7 #SID: 1 2 3 4 6 7 8
1 -1 1 -1 #SUP: 9 #SID: 0 1 2 4 5 6 7 8 9
1 -1 1 -1 1 -1 #SUP: 8 #SID: 0 1 2 4 5 6 7 8
1 -1 1 -1 1 -1 1 -1 #SUP: 8 #SID: 0 1 2 4 5 6 7 8
1 -1 1 -1 1 -1 1 -1 1 -1 #SUP: 8 #SID: 0 1 2 4 5 6 7 8
1 -1 1 -1 1 -1 1 -1 1 -1 4 -1 #SUP: 7 #SID: 0 1 2 4 6 7 8
1 -1 1 -1 1 -1 1 -1 4 -1 #SUP: 7 #SID: 0 1 2 4 6 7 8
1 -1 1 -1 1 -1 1 9 -1 #SUP: 7 #SID: 0 1 2 4 6 7 8
1 -1 1 -1 1 -1 1 9 -1 1 -1 #SUP: 7 #SID: 0 1 2 4 6 7 8
1 -1 1 -1 1 -1 1 9 -1 1 -1 4 -1 #SUP: 7 #SID: 0 1 2 4 6 7 8
1 -1 1 -1 1 -1 1 9 -1 4 -1 #SUP: 7 #SID: 0 1 2 4 6 7 8
1 -1 1 -1 1 -1 4 -1 #SUP: 7 #SID: 0 1 2 4 6 7 8
1 -1 1 -1 1 -1 4 -1 1 -1 #SUP: 7 #SID: 0 1 2 4 6 7 8
1 -1 1 -1 1 -1 4 -1 1 -1 4 -1 #SUP: 7 #SID: 0 1 2 4 6 7 8
1 -1 1 -1 1 -1 4 -1 4 -1 #SUP: 7 #SID: 0 1 2 4 6 7 8
1 -1 1 -1 1 -1 4 9 -1 #SUP: 7 #SID: 0 1 2 4 6 7 8
1 -1 1 -1 1 -1 4 9 -1 1 -1 #SUP: 7 #SID: 0 1 2 4 6 7 8
1 -1 1 -1 1 -1 4 9 -1 1 -1 4 -1 #SUP: 7 #SID: 0 1 2 4 6 7 8
1 -1 1 -1 1 -1 4 9 -1 4 -1 #SUP: 7 #SID: 0 1 2 4 6 7 8
1 -1 1 -1 1 -1 9 -1 #SUP: 7 #SID: 0 1 2 4 6 7 8
1 -1 1 -1 1 -1 9 -1 1 -1 #SUP: 7 #SID: 0 1 2 4 6 7 8
1 -1 1 -1 1 -1 9 -1 1 -1 1 -1 #SUP: 7 #SID: 0 1 2 4 6 7 8
1 -1 1 -1 1 -1 9 -1 1 -1 4 -1 #SUP: 7 #SID: 0 1 2 4 6 7 8
1 -1 1 -1 1 -1 9 -1 4 -1 #SUP: 7 #SID: 0 1 2 4 6 7 8
1 -1 1 -1 1 4 -1 #SUP: 7 #SID: 0 1 2 4 5 7 8
1 -1 1 -1 1 4 -1 1 -1 #SUP: 7 #SID: 0 1 2 4 5 7 8
1 -1 1 -1 1 4 -1 1 -1 1 -1 #SUP: 7 #SID: 0 1 2 4 5 7 8
1 -1 1 -1 1 4 9 -1 #SUP: 7 #SID: 0 1 2 4 5 7 8
1 -1 1 -1 1 4 9 -1 1 -1 #SUP: 7 #SID: 0 1 2 4 5 7 8
1 -1 1 -1 1 4 9 -1 1 -1 1 -1 #SUP: 7 #SID: 0 1 2 4 5 7 8
1 -1 1 -1 1 9 -1 #SUP: 8 #SID: 0 1 2 4 5 6 7 8
1 -1 1 -1 1 9 -1 1 -1 #SUP: 8 #SID: 0 1 2 4 5 6 7 8
1 -1 1 -1 1 9 -1 1 -1 1 -1 #SUP: 8 #SID: 0 1 2 4 5 6 7 8
1 -1 1 -1 1 9 -1 1 -1 4 -1 #SUP: 7 #SID: 0 1 2 4 6 7 8
1 -1 1 -1 1 9 -1 4 -1 #SUP: 7 #SID: 0 1 2 4 6 7 8
1 -1 1 -1 1 9 -1 4 -1 1 -1 #SUP: 7 #SID: 0 1 2 4 6 7 8
1 -1 1 -1 1 9 -1 4 -1 4 -1 #SUP: 7 #SID: 0 1 2 4 6 7 8
1 -1 1 -1 4 -1 #SUP: 9 #SID: 0 1 2 4 5 6 7 8 9
1 -1 1 -1 4 -1 1 -1 #SUP: 8 #SID: 0 1 2 4 5 6 7 8
1 -1 1 -1 4 -1 1 -1 1 -1 #SUP: 8 #SID: 0 1 2 4 5 6 7 8
1 -1 1 -1 4 -1 1 -1 1 -1 1 -1 #SUP: 7 #SID: 0 1 2 5 6 7 8
1 -1 1 -1 4 -1 1 -1 4 -1 #SUP: 7 #SID: 0 1 2 4 6 7 8
1 -1 1 -1 4 -1 1 4 -1 #SUP: 7 #SID: 0 1 2 4 5 7 8
1 -1 1 -1 4 -1 1 4 -1 1 -1 #SUP: 7 #SID: 0 1 2 4 5 7 8
1 -1 1 -1 4 -1 1 9 -1 #SUP: 7 #SID: 0 1 2 5 6 7 8
1 -1 1 -1 4 -1 1 9 -1 1 -1 #SUP: 7 #SID: 0 1 2 5 6 7 8
1 -1 1 -1 4 -1 1 9 -1 1 -1 1 -1 #SUP: 7 #SID: 0 1 2 5 6 7 8
1 -1 1 -1 4 -1 4 -1 #SUP: 9 #SID: 0 1 2 4 5 6 7 8 9
1 -1 1 -1 4 -1 4 -1 1 -1 #SUP: 7 #SID: 0 1 2 4 5 7 8
1 -1 1 -1 4 -1 4 -1 1 -1 1 -1 #SUP: 7 #SID: 0 1 2 4 5 7 8
1 -1 1 -1 4 -1 9 -1 #SUP: 7 #SID: 0 1 2 5 6 7 8
1 -1 1 -1 4 -1 9 -1 1 -1 #SUP: 7 #SID: 0 1 2 5 6 7 8
1 -1 1 -1 4 -1 9 -1 1 -1 1 -1 #SUP: 7 #SID: 0 1 2 5 6 7 8
1 -1 1 -1 4 9 -1 #SUP: 8 #SID: 0 1 2 4 5 6 7 8
1 -1 1 -1 4 9 -1 1 -1 #SUP: 8 #SID: 0 1 2 4 5 6 7 8
1 -1 1 -1 4 9 -1 1 -1 1 -1 #SUP: 8 #SID: 0 1 2 4 5 6 7 8
1 -1 1 -1 4 9 -1 1 -1 4 -1 #SUP: 7 #SID: 0 1 2 4 6 7 8
1 -1 1 -1 4 9 -1 4 -1 #SUP: 7 #SID: 0 1 2 4 6 7 8
1 -1 1 -1 9 -1 #SUP: 8 #SID: 0 1 2 4 5 6 7 8
1 -1 1 -1 9 -1 1 -1 #SUP: 8 #SID: 0 1 2 4 5 6 7 8
1 -1 1 -1 9 -1 1 -1 1 -1 #SUP: 8 #SID: 0 1 2 4 5 6 7 8
1 -1 1 -1 9 -1 1 -1 4 -1 #SUP: 7 #SID: 0 1 2 4 6 7 8
1 -1 1 -1 9 -1 4 -1 #SUP: 7 #SID: 0 1 2 4 6 7 8
1 -1 1 -1 9 -1 4 -1 1 -1 #SUP: 7 #SID: 0 1 2 4 6 7 8
1 -1 1 -1 9 -1 4 -1 1 -1 1 -1 #SUP: 7 #SID: 0 1 2 4 6 7 8
1 -1 1 -1 9 -1 4 -1 1 -1 4 -1 #SUP: 7 #SID: 0 1 2 4 6 7 8
1 -1 1 -1 9 -1 4 -1 4 -1 #SUP: 7 #SID: 0 1 2 4 6 7 8
1 -1 1 -1 55 -1 #SUP: 7 #SID: 0 1 2 5 6 7 8
1 -1 1 -1 55 -1 4 -1 #SUP: 7 #SID: 0 1 2 5 6 7 8
1 -1 1 4 -1 #SUP: 9 #SID: 0 1 2 4 5 6 7 8 9
1 -1 1 4 -1 1 -1 #SUP: 8 #SID: 0 1 2 4 5 6 7 8
1 -1 1 4 -1 1 -1 1 -1 #SUP: 8 #SID: 0 1 2 4 5 6 7 8
1 -1 1 4 -1 1 -1 4 -1 #SUP: 7 #SID: 0 1 2 4 6 7 8
1 -1 1 4 -1 1 -1 4 -1 1 -1 #SUP: 7 #SID: 0 1 2 4 6 7 8
1 -1 1 4 -1 1 -1 4 -1 4 -1 #SUP: 7 #SID: 0 1 2 4 6 7 8
1 -1 1 4 -1 4 -1 #SUP: 8 #SID: 0 1 2 4 6 7 8 9
1 -1 1 4 -1 4 -1 1 -1 #SUP: 7 #SID: 0 1 2 4 6 7 8
1 -1 1 4 -1 4 -1 1 -1 1 -1 #SUP: 7 #SID: 0 1 2 4 6 7 8
1 -1 1 4 -1 4 -1 1 -1 4 -1 #SUP: 7 #SID: 0 1 2 4 6 7 8
1 -1 1 4 -1 4 -1 4 -1 #SUP: 8 #SID: 0 1 2 4 6 7 8 9
1 -1 1 4 9 -1 #SUP: 9 #SID: 0 1 2 4 5 6 7 8 9
1 -1 1 4 9 -1 1 -1 #SUP: 8 #SID: 0 1 2 4 5 6 7 8
1 -1 1 4 9 -1 1 -1 1 -1 #SUP: 8 #SID: 0 1 2 4 5 6 7 8
1 -1 1 4 9 -1 4 -1 #SUP: 8 #SID: 0 1 2 4 6 7 8 9
1 -1 1 4 9 -1 4 -1 1 -1 #SUP: 7 #SID: 0 1 2 4 6 7 8
1 -1 1 4 9 -1 4 -1 4 -1 #SUP: 8 #SID: 0 1 2 4 6 7 8 9
1 -1 1 9 -1 #SUP: 9 #SID: 0 1 2 4 5 6 7 8 9
1 -1 1 9 -1 1 -1 #SUP: 8 #SID: 0 1 2 4 5 6 7 8
1 -1 1 9 -1 1 -1 1 -1 #SUP: 8 #SID: 0 1 2 4 5 6 7 8
1 -1 1 9 -1 1 -1 4 -1 #SUP: 7 #SID: 0 1 2 4 6 7 8
1 -1 1 9 -1 1 -1 4 -1 1 -1 #SUP: 7 #SID: 0 1 2 4 6 7 8
1 -1 1 9 -1 1 -1 4 -1 4 -1 #SUP: 7 #SID: 0 1 2 4 6 7 8
1 -1 1 9 -1 4 -1 #SUP: 8 #SID: 0 1 2 4 6 7 8 9
1 -1 1 9 -1 4 -1 1 -1 #SUP: 7 #SID: 0 1 2 4 6 7 8
1 -1 1 9 -1 4 -1 4 -1 #SUP: 8 #SID: 0 1 2 4 6 7 8 9
1 -1 4 -1 #SUP: 10 #SID: 0 1 2 3 4 5 6 7 8 9
1 -1 4 -1 1 -1 #SUP: 9 #SID: 0 1 2 4 5 6 7 8 9
1 -1 4 -1 1 -1 1 -1 #SUP: 8 #SID: 0 1 2 4 5 6 7 8
1 -1 4 -1 1 -1 1 -1 1 -1 #SUP: 8 #SID: 0 1 2 4 5 6 7 8
1 -1 4 -1 1 -1 1 -1 1 -1 4 -1 #SUP: 7 #SID: 0 1 2 4 6 7 8
1 -1 4 -1 1 -1 1 -1 1 9 -1 #SUP: 7 #SID: 0 1 2 4 6 7 8
1 -1 4 -1 1 -1 1 -1 1 9 -1 4 -1 #SUP: 7 #SID: 0 1 2 4 6 7 8
1 -1 4 -1 1 -1 1 -1 4 -1 #SUP: 7 #SID: 0 1 2 4 6 7 8
1 -1 4 -1 1 -1 1 -1 9 -1 #SUP: 7 #SID: 0 1 2 4 6 7 8
1 -1 4 -1 1 -1 1 -1 9 -1 4 -1 #SUP: 7 #SID: 0 1 2 4 6 7 8
1 -1 4 -1 1 -1 1 9 -1 #SUP: 7 #SID: 0 1 2 4 6 7 8
1 -1 4 -1 1 -1 1 9 -1 1 -1 #SUP: 7 #SID: 0 1 2 4 6 7 8
1 -1 4 -1 1 -1 1 9 -1 1 -1 4 -1 #SUP: 7 #SID: 0 1 2 4 6 7 8
1 -1 4 -1 1 -1 1 9 -1 4 -1 #SUP: 7 #SID: 0 1 2 4 6 7 8
1 -1 4 -1 1 -1 4 -1 #SUP: 8 #SID: 0 1 2 4 6 7 8 9
1 -1 4 -1 1 -1 4 -1 1 -1 #SUP: 7 #SID: 0 1 2 4 6 7 8
1 -1 4 -1 1 -1 4 -1 1 -1 4 -1 #SUP: 7 #SID: 0 1 2 4 6 7 8
1 -1 4 -1 1 -1 4 -1 4 -1 #SUP: 8 #SID: 0 1 2 4 6 7 8 9
1 -1 4 -1 1 -1 4 9 -1 #SUP: 7 #SID: 0 1 2 4 6 7 8
1 -1 4 -1 1 -1 4 9 -1 1 -1 #SUP: 7 #SID: 0 1 2 4 6 7 8
1 -1 4 -1 1 -1 4 9 -1 1 -1 4 -1 #SUP: 7 #SID: 0 1 2 4 6 7 8
1 -1 4 -1 1 -1 4 9 -1 4 -1 #SUP: 7 #SID: 0 1 2 4 6 7 8
1 -1 4 -1 1 -1 9 -1 #SUP: 7 #SID: 0 1 2 4 6 7 8
1 -1 4 -1 1 -1 9 -1 1 -1 #SUP: 7 #SID: 0 1 2 4 6 7 8
1 -1 4 -1 1 -1 9 -1 1 -1 1 -1 #SUP: 7 #SID: 0 1 2 4 6 7 8
1 -1 4 -1 1 -1 9 -1 1 -1 4 -1 #SUP: 7 #SID: 0 1 2 4 6 7 8
1 -1 4 -1 1 -1 9 -1 4 -1 #SUP: 7 #SID: 0 1 2 4 6 7 8
1 -1 4 -1 1 4 -1 #SUP: 8 #SID: 0 1 2 4 5 7 8 9
1 -1 4 -1 1 4 -1 1 -1 #SUP: 7 #SID: 0 1 2 4 5 7 8
1 -1 4 -1 1 4 -1 1 -1 1 -1 #SUP: 7 #SID: 0 1 2 4 5 7 8
1 -1 4 -1 1 4 -1 4 -1 #SUP: 7 #SID: 0 1 2 4 7 8 9
1 -1 4 -1 1 4 -1 4 -1 4 -1 #SUP: 7 #SID: 0 1 2 4 7 8 9
1 -1 4 -1 1 4 9 -1 #SUP: 8 #SID: 0 1 2 4 5 7 8 9
1 -1 4 -1 1 4 9 -1 1 -1 #SUP: 7 #SID: 0 1 2 4 5 7 8
1 -1 4 -1 1 4 9 -1 1 -1 1 -1 #SUP: 7 #SID: 0 1 2 4 5 7 8
1 -1 4 -1 1 4 9 -1 4 -1 #SUP: 7 #SID: 0 1 2 4 7 8 9
1 -1 4 -1 1 4 9 -1 4 -1 4 -1 #SUP: 7 #SID: 0 1 2 4 7 8 9
1 -1 4 -1 1 9 -1 #SUP: 9 #SID: 0 1 2 4 5 6 7 8 9
1 -1 4 -1 1 9 -1 1 -1 #SUP: 8 #SID: 0 1 2 4 5 6 7 8
1 -1 4 -1 1 9 -1 1 -1 1 -1 #SUP: 8 #SID: 0 1 2 4 5 6 7 8
1 -1 4 -1 1 9 -1 1 -1 4 -1 #SUP: 7 #SID: 0 1 2 4 6 7 8
1 -1 4 -1 1 9 -1 4 -1 #SUP: 8 #SID: 0 1 2 4 6 7 8 9
1 -1 4 -1 1 9 -1 4 -1 1 -1 #SUP: 7 #SID: 0 1 2 4 6 7 8
1 -1 4 -1 1 9 -1 4 -1 4 -1 #SUP: 8 #SID: 0 1 2 4 6 7 8 9
1 -1 4 -1 4 -1 #SUP: 9 #SID: 0 1 2 4 5 6 7 8 9
1 -1 4 -1 4 -1 1 -1 #SUP: 8 #SID: 0 1 2 4 5 6 7 8
1 -1 4 -1 4 -1 1 -1 1 -1 #SUP: 8 #SID: 0 1 2 4 5 6 7 8
1 -1 4 -1 4 -1 1 -1 1 -1 1 -1 #SUP: 7 #SID: 0 1 2 4 6 7 8
1 -1 4 -1 4 -1 1 -1 1 -1 1 -1 4 -1 #SUP: 7 #SID: 0 1 2 4 6 7 8
1 -1 4 -1 4 -1 1 -1 1 -1 1 9 -1 #SUP: 7 #SID: 0 1 2 4 6 7 8
1 -1 4 -1 4 -1 1 -1 1 -1 1 9 -1 4 -1 #SUP: 7 #SID: 0 1 2 4 6 7 8
1 -1 4 -1 4 -1 1 -1 1 -1 4 -1 #SUP: 7 #SID: 0 1 2 4 6 7 8
1 -1 4 -1 4 -1 1 -1 1 -1 9 -1 #SUP: 7 #SID: 0 1 2 4 6 7 8
1 -1 4 -1 4 -1 1 -1 1 -1 9 -1 4 -1 #SUP: 7 #SID: 0 1 2 4 6 7 8
1 -1 4 -1 4 -1 1 -1 1 9 -1 #SUP: 7 #SID: 0 1 2 4 6 7 8
1 -1 4 -1 4 -1 1 -1 1 9 -1 4 -1 #SUP: 7 #SID: 0 1 2 4 6 7 8
1 -1 4 -1 4 -1 1 -1 4 -1 #SUP: 7 #SID: 0 1 2 4 6 7 8
1 -1 4 -1 4 -1 1 -1 9 -1 #SUP: 7 #SID: 0 1 2 4 6 7 8
1 -1 4 -1 4 -1 1 -1 9 -1 4 -1 #SUP: 7 #SID: 0 1 2 4 6 7 8
1 -1 4 -1 4 -1 1 9 -1 #SUP: 7 #SID: 0 1 2 4 6 7 8
1 -1 4 -1 4 -1 1 9 -1 1 -1 #SUP: 7 #SID: 0 1 2 4 6 7 8
1 -1 4 -1 4 -1 1 9 -1 1 -1 1 -1 #SUP: 7 #SID: 0 1 2 4 6 7 8
1 -1 4 -1 4 -1 1 9 -1 1 -1 4 -1 #SUP: 7 #SID: 0 1 2 4 6 7 8
1 -1 4 -1 4 -1 1 9 -1 4 -1 #SUP: 7 #SID: 0 1 2 4 6 7 8
1 -1 4 -1 4 -1 4 -1 #SUP: 8 #SID: 0 1 2 4 6 7 8 9
1 -1 4 -1 4 -1 4 -1 4 -1 #SUP: 7 #SID: 0 1 2 4 7 8 9
1 -1 4 -1 4 -1 9 -1 #SUP: 7 #SID: 0 1 2 4 6 7 8
1 -1 4 -1 4 -1 9 -1 1 -1 #SUP: 7 #SID: 0 1 2 4 6 7 8
1 -1 4 -1 4 -1 9 -1 1 -1 1 -1 #SUP: 7 #SID: 0 1 2 4 6 7 8
1 -1 4 -1 4 -1 9 -1 1 -1 4 -1 #SUP: 7 #SID: 0 1 2 4 6 7 8
1 -1 4 -1 4 -1 9 -1 4 -1 #SUP: 7 #SID: 0 1 2 4 6 7 8
1 -1 4 -1 4 9 -1 #SUP: 9 #SID: 0 1 2 4 5 6 7 8 9
1 -1 4 -1 4 9 -1 1 -1 #SUP: 8 #SID: 0 1 2 4 5 6 7 8
1 -1 4 -1 4 9 -1 1 -1 1 -1 #SUP: 8 #SID: 0 1 2 4 5 6 7 8
1 -1 4 -1 4 9 -1 1 -1 4 -1 #SUP: 7 #SID: 0 1 2 4 6 7 8
1 -1 4 -1 4 9 -1 4 -1 #SUP: 8 #SID: 0 1 2 4 6 7 8 9
1 -1 4 -1 4 9 -1 4 -1 4 -1 #SUP: 7 #SID: 0 1 2 4 7 8 9
1 -1 4 -1 9 -1 #SUP: 9 #SID: 0 1 2 4 5 6 7 8 9
1 -1 4 -1 9 -1 1 -1 #SUP: 9 #SID: 0 1 2 4 5 6 7 8 9
1 -1 4 -1 9 -1 1 -1 1 -1 #SUP: 8 #SID: 0 1 2 4 5 6 7 8
1 -1 4 -1 9 -1 1 -1 4 -1 #SUP: 8 #SID: 0 1 2 4 6 7 8 9
1 -1 4 -1 9 -1 1 -1 4 -1 4 -1 #SUP: 7 #SID: 0 1 2 4 7 8 9
1 -1 4 -1 9 -1 1 4 -1 #SUP: 7 #SID: 0 1 2 4 7 8 9
1 -1 4 -1 9 -1 1 4 -1 4 -1 #SUP: 7 #SID: 0 1 2 4 7 8 9
1 -1 4 -1 9 -1 1 4 -1 4 -1 4 -1 #SUP: 7 #SID: 0 1 2 4 7 8 9
1 -1 4 -1 9 -1 1 9 -1 #SUP: 7 #SID: 0 1 2 6 7 8 9
1 -1 4 -1 9 -1 1 9 -1 4 -1 #SUP: 7 #SID: 0 1 2 6 7 8 9
1 -1 4 -1 9 -1 4 -1 #SUP: 8 #SID: 0 1 2 4 6 7 8 9
1 -1 4 -1 9 -1 4 -1 1 -1 #SUP: 7 #SID: 0 1 2 4 6 7 8
1 -1 4 -1 9 -1 4 -1 1 -1 1 -1 #SUP: 7 #SID: 0 1 2 4 6 7 8
1 -1 4 -1 9 -1 4 -1 1 -1 4 -1 #SUP: 7 #SID: 0 1 2 4 6 7 8
1 -1 4 -1 9 -1 4 -1 4 -1 #SUP: 8 #SID: 0 1 2 4 6 7 8 9
1 -1 4 -1 9 -1 4 -1 4 -1 4 -1 #SUP: 7 #SID: 0 1 2 4 7 8 9
1 -1 4 -1 9 -1 4 9 -1 #SUP: 7 #SID: 0 1 2 6 7 8 9
1 -1 4 -1 9 -1 4 9 -1 4 -1 #SUP: 7 #SID: 0 1 2 6 7 8 9
1 -1 4 -1 9 -1 9 -1 #SUP: 7 #SID: 0 1 2 6 7 8 9
1 -1 4 -1 9 -1 9 -1 4 -1 #SUP: 7 #SID: 0 1 2 6 7 8 9
1 -1 4 -1 55 -1 #SUP: 7 #SID: 0 1 2 6 7 8 9
1 -1 4 -1 55 -1 4 -1 #SUP: 7 #SID: 0 1 2 6 7 8 9
1 -1 4 9 -1 #SUP: 9 #SID: 0 1 2 4 5 6 7 8 9
1 -1 4 9 -1 1 -1 #SUP: 9 #SID: 0 1 2 4 5 6 7 8 9
1 -1 4 9 -1 1 -1 1 -1 #SUP: 8 #SID: 0 1 2 4 5 6 7 8
1 -1 4 9 -1 1 -1 4 -1 #SUP: 8 #SID: 0 1 2 4 6 7 8 9
1 -1 4 9 -1 1 -1 4 -1 1 -1 #SUP: 7 #SID: 0 1 2 4 6 7 8
1 -1 4 9 -1 1 -1 4 -1 4 -1 #SUP: 8 #SID: 0 1 2 4 6 7 8 9
1 -1 4 9 -1 1 4 -1 #SUP: 7 #SID: 0 1 2 4 7 8 9
1 -1 4 9 -1 1 4 -1 4 -1 #SUP: 7 #SID: 0 1 2 4 7 8 9
1 -1 4 9 -1 1 4 -1 4 -1 4 -1 #SUP: 7 #SID: 0 1 2 4 7 8 9
1 -1 4 9 -1 1 9 -1 #SUP: 7 #SID: 0 1 2 6 7 8 9
1 -1 4 9 -1 1 9 -1 4 -1 #SUP: 7 #SID: 0 1 2 6 7 8 9
1 -1 4 9 -1 1 9 -1 4 -1 4 -1 #SUP: 7 #SID: 0 1 2 6 7 8 9
1 -1 4 9 -1 4 -1 #SUP: 8 #SID: 0 1 2 4 6 7 8 9
1 -1 4 9 -1 4 -1 1 -1 #SUP: 7 #SID: 0 1 2 4 6 7 8
1 -1 4 9 -1 4 -1 1 -1 1 -1 #SUP: 7 #SID: 0 1 2 4 6 7 8
1 -1 4 9 -1 4 -1 1 -1 4 -1 #SUP: 7 #SID: 0 1 2 4 6 7 8
1 -1 4 9 -1 4 -1 4 -1 #SUP: 8 #SID: 0 1 2 4 6 7 8 9
1 -1 4 9 -1 4 -1 4 -1 4 -1 #SUP: 7 #SID: 0 1 2 4 7 8 9
1 -1 4 9 -1 4 9 -1 #SUP: 7 #SID: 0 1 2 6 7 8 9
1 -1 4 9 -1 4 9 -1 4 -1 #SUP: 7 #SID: 0 1 2 6 7 8 9
1 -1 4 9 -1 9 -1 #SUP: 7 #SID: 0 1 2 6 7 8 9
1 -1 4 9 -1 9 -1 1 -1 #SUP: 7 #SID: 0 1 2 6 7 8 9
1 -1 4 9 -1 9 -1 1 -1 4 -1 #SUP: 7 #SID: 0 1 2 6 7 8 9
1 -1 4 9 -1 9 -1 1 9 -1 #SUP: 7 #SID: 0 1 2 6 7 8 9
1 -1 4 9 -1 9 -1 1 9 -1 4 -1 #SUP: 7 #SID: 0 1 2 6 7 8 9
1 -1 4 9 -1 9 -1 4 -1 #SUP: 7 #SID: 0 1 2 6 7 8 9
1 -1 4 9 -1 9 -1 4 -1 4 -1 #SUP: 7 #SID: 0 1 2 6 7 8 9
1 -1 4 9 -1 9 -1 4 9 -1 #SUP: 7 #SID: 0 1 2 6 7 8 9
1 -1 4 9 -1 9 -1 4 9 -1 4 -1 #SUP: 7 #SID: 0 1 2 6 7 8 9
1 -1 4 9 -1 9 -1 9 -1 #SUP: 7 #SID: 0 1 2 6 7 8 9
1 -1 4 9 -1 9 -1 9 -1 4 -1 #SUP: 7 #SID: 0 1 2 6 7 8 9
1 -1 4 55 -1 #SUP: 7 #SID: 0 1 2 5 7 8 9
1 -1 4 55 -1 4 -1 #SUP: 7 #SID: 0 1 2 5 7 8 9
1 -1 9 -1 #SUP: 9 #SID: 0 1 2 4 5 6 7 8 9
1 -1 9 -1 1 -1 #SUP: 9 #SID: 0 1 2 4 5 6 7 8 9
1 -1 9 -1 1 -1 1 -1 #SUP: 8 #SID: 0 1 2 4 5 6 7 8
1 -1 9 -1 1 -1 4 -1 #SUP: 8 #SID: 0 1 2 4 6 7 8 9
1 -1 9 -1 1 -1 4 -1 1 -1 #SUP: 7 #SID: 0 1 2 4 6 7 8
1 -1 9 -1 1 -1 4 -1 4 -1 #SUP: 8 #SID: 0 1 2 4 6 7 8 9
1 -1 9 -1 1 4 -1 #SUP: 7 #SID: 0 1 2 4 7 8 9
1 -1 9 -1 1 4 -1 4 -1 #SUP: 7 #SID: 0 1 2 4 7 8 9
1 -1 9 -1 1 4 -1 4 -1 4 -1 #SUP: 7 #SID: 0 1 2 4 7 8 9
1 -1 9 -1 1 9 -1 #SUP: 7 #SID: 0 1 2 6 7 8 9
1 -1 9 -1 1 9 -1 4 -1 #SUP: 7 #SID: 0 1 2 6 7 8 9
1 -1 9 -1 1 9 -1 4 -1 4 -1 #SUP: 7 #SID: 0 1 2 6 7 8 9
1 -1 9 -1 4 -1 #SUP: 8 #SID: 0 1 2 4 6 7 8 9
1 -1 9 -1 4 -1 1 -1 #SUP: 7 #SID: 0 1 2 4 6 7 8
1 -1 9 -1 4 -1 1 -1 1 -1 #SUP: 7 #SID: 0 1 2 4 6 7 8
1 -1 9 -1 4 -1 1 -1 4 -1 #SUP: 7 #SID: 0 1 2 4 6 7 8
1 -1 9 -1 4 -1 4 -1 #SUP: 8 #SID: 0 1 2 4 6 7 8 9
1 -1 9 -1 4 -1 4 -1 4 -1 #SUP: 7 #SID: 0 1 2 4 7 8 9
1 -1 9 -1 4 9 -1 #SUP: 7 #SID: 0 1 2 6 7 8 9
1 -1 9 -1 4 9 -1 4 -1 #SUP: 7 #SID: 0 1 2 6 7 8 9
1 -1 9 -1 9 -1 #SUP: 7 #SID: 0 1 2 6 7 8 9
1 -1 9 -1 9 -1 1 -1 #SUP: 7 #SID: 0 1 2 6 7 8 9
1 -1 9 -1 9 -1 1 -1 4 -1 #SUP: 7 #SID: 0 1 2 6 7 8 9
1 -1 9 -1 9 -1 1 9 -1 #SUP: 7 #SID: 0 1 2 6 7 8 9
1 -1 9 -1 9 -1 1 9 -1 4 -1 #SUP: 7 #SID: 0 1 2 6 7 8 9
1 -1 9 -1 9 -1 4 -1 #SUP: 7 #SID: 0 1 2 6 7 8 9
1 -1 9 -1 9 -1 4 -1 4 -1 #SUP: 7 #SID: 0 1 2 6 7 8 9
1 -1 9 -1 9 -1 4 9 -1 #SUP: 7 #SID: 0 1 2 6 7 8 9
1 -1 9 -1 9 -1 4 9 -1 4 -1 #SUP: 7 #SID: 0 1 2 6 7 8 9
1 -1 9 -1 9 -1 9 -1 #SUP: 7 #SID: 0 1 2 6 7 8 9
1 -1 9 -1 9 -1 9 -1 4 -1 #SUP: 7 #SID: 0 1 2 6 7 8 9
1 -1 55 -1 #SUP: 8 #SID: 0 1 2 5 6 7 8 9
1 -1 55 -1 4 -1 #SUP: 8 #SID: 0 1 2 5 6 7 8 9
1 -1 55 -1 4 -1 4 -1 #SUP: 7 #SID: 0 1 2 5 7 8 9
1 -1 56 -1 #SUP: 7 #SID: 1 2 3 4 6 7 8
1 4 -1 #SUP: 10 #SID: 0 1 2 3 4 5 6 7 8 9
1 4 -1 1 -1 #SUP: 9 #SID: 0 1 2 4 5 6 7 8 9
1 4 -1 1 -1 1 -1 #SUP: 8 #SID: 0 1 2 4 5 6 7 8
1 4 -1 1 -1 1 -1 1 -1 #SUP: 8 #SID: 0 1 2 4 5 6 7 8
1 4 -1 1 -1 1 -1 1 -1 1 -1 #SUP: 7 #SID: 1 2 4 5 6 7 8
1 4 -1 1 -1 1 -1 1 -1 4 -1 #SUP: 7 #SID: 0 1 2 4 6 7 8
1 4 -1 1 -1 1 -1 1 9 -1 #SUP: 7 #SID: 0 1 2 4 6 7 8
1 4 -1 1 -1 1 -1 1 9 -1 4 -1 #SUP: 7 #SID: 0 1 2 4 6 7 8
1 4 -1 1 -1 1 -1 4 -1 #SUP: 7 #SID: 0 1 2 4 6 7 8
1 4 -1 1 -1 1 -1 9 -1 #SUP: 7 #SID: 0 1 2 4 6 7 8
1 4 -1 1 -1 1 -1 9 -1 4 -1 #SUP: 7 #SID: 0 1 2 4 6 7 8
1 4 -1 1 -1 1 9 -1 #SUP: 8 #SID: 0 1 2 4 5 6 7 8
1 4 -1 1 -1 1 9 -1 1 -1 #SUP: 8 #SID: 0 1 2 4 5 6 7 8
1 4 -1 1 -1 1 9 -1 1 -1 1 -1 #SUP: 7 #SID: 1 2 4 5 6 7 8
1 4 -1 1 -1 1 9 -1 1 -1 4 -1 #SUP: 7 #SID: 0 1 2 4 6 7 8
1 4 -1 1 -1 1 9 -1 4 -1 #SUP: 7 #SID: 0 1 2 4 6 7 8
1 4 -1 1 -1 4 -1 #SUP: 9 #SID: 0 1 2 4 5 6 7 8 9
1 4 -1 1 -1 4 -1 1 -1 #SUP: 8 #SID: 0 1 2 4 5 6 7 8
1 4 -1 1 -1 4 -1 1 -1 1 -1 #SUP: 7 #SID: 1 2 4 5 6 7 8
1 4 -1 1 -1 4 -1 1 -1 4 -1 #SUP: 7 #SID: 0 1 2 4 6 7 8
1 4 -1 1 -1 4 -1 1 9 -1 #SUP: 7 #SID: 0 1 2 5 6 7 8
1 4 -1 1 -1 4 -1 4 -1 #SUP: 9 #SID: 0 1 2 4 5 6 7 8 9
1 4 -1 1 -1 4 -1 4 -1 1 -1 #SUP: 7 #SID: 0 1 2 4 5 7 8
1 4 -1 1 -1 4 -1 9 -1 #SUP: 7 #SID: 0 1 2 5 6 7 8
1 4 -1 1 -1 4 -1 9 -1 1 -1 #SUP: 7 #SID: 0 1 2 5 6 7 8
1 4 -1 1 -1 4 9 -1 #SUP: 8 #SID: 0 1 2 4 5 6 7 8
1 4 -1 1 -1 4 9 -1 1 -1 #SUP: 8 #SID: 0 1 2 4 5 6 7 8
1 4 -1 1 -1 4 9 -1 1 -1 1 -1 #SUP: 7 #SID: 1 2 4 5 6 7 8
1 4 -1 1 -1 4 9 -1 1 -1 4 -1 #SUP: 7 #SID: 0 1 2 4 6 7 8
1 4 -1 1 -1 4 9 -1 4 -1 #SUP: 7 #SID: 0 1 2 4 6 7 8
1 4 -1 1 -1 9 -1 #SUP: 8 #SID: 0 1 2 4 5 6 7 8
1 4 -1 1 -1 9 -1 1 -1 #SUP: 8 #SID: 0 1 2 4 5 6 7 8
1 4 -1 1 -1 9 -1 1 -1 1 -1 #SUP: 8 #SID: 0 1 2 4 5 6 7 8
1 4 -1 1 -1 9 -1 1 -1 4 -1 #SUP: 7 #SID: 0 1 2 4 6 7 8
1 4 -1 1 -1 9 -1 4 -1 #SUP: 7 #SID: 0 1 2 4 6 7 8
1 4 -1 1 -1 55 -1 #SUP: 7 #SID: 0 1 2 5 6 7 8
1 4 -1 1 -1 55 -1 4 -1 #SUP: 7 #SID: 0 1 2 5 6 7 8
1 4 -1 1 4 -1 #SUP: 8 #SID: 0 1 2 4 5 7 8 9
1 4 -1 1 4 -1 1 -1 #SUP: 7 #SID: 0 1 2 4 5 7 8
1 4 -1 1 4 -1 1 -1 1 -1 #SUP: 7 #SID: 0 1 2 4 5 7 8
1 4 -1 1 4 -1 4 -1 #SUP: 7 #SID: 0 1 2 4 7 8 9
1 4 -1 1 4 -1 4 -1 4 -1 #SUP: 7 #SID: 0 1 2 4 7 8 9
1 4 -1 1 4 9 -1 #SUP: 8 #SID: 0 1 2 4 5 7 8 9
1 4 -1 1 4 9 -1 1 -1 #SUP: 7 #SID: 0 1 2 4 5 7 8
1 4 -1 1 4 9 -1 1 -1 1 -1 #SUP: 7 #SID: 0 1 2 4 5 7 8
1 4 -1 1 4 9 -1 4 -1 #SUP: 7 #SID: 0 1 2 4 7 8 9
1 4 -1 1 4 9 -1 4 -1 4 -1 #SUP: 7 #SID: 0 1 2 4 7 8 9
1 4 -1 1 9 -1 #SUP: 9 #SID: 0 1 2 4 5 6 7 8 9
1 4 -1 1 9 -1 1 -1 #SUP: 8 #SID: 0 1 2 4 5 6 7 8
1 4 -1 1 9 -1 1 -1 1 -1 #SUP: 8 #SID: 0 1 2 4 5 6 7 8
1 4 -1 1 9 -1 1 -1 4 -1 #SUP: 7 #SID: 0 1 2 4 6 7 8
1 4 -1 1 9 -1 4 -1 #SUP: 8 #SID: 0 1 2 4 6 7 8 9
1 4 -1 1 9 -1 4 -1 1 -1 #SUP: 7 #SID: 0 1 2 4 6 7 8
1 4 -1 1 9 -1 4 -1 4 -1 #SUP: 8 #SID: 0 1 2 4 6 7 8 9
1 4 -1 4 -1 #SUP: 10 #SID: 0 1 2 3 4 5 6 7 8 9
1 4 -1 4 -1 1 -1 #SUP: 9 #SID: 0 1 2 4 5 6 7 8 9
1 4 -1 4 -1 1 -1 1 -1 #SUP: 8 #SID: 0 1 2 4 5 6 7 8
1 4 -1 4 -1 1 -1 1 -1 1 -1 #SUP: 8 #SID: 0 1 2 4 5 6 7 8
1 4 -1 4 -1 1 -1 1 -1 1 -1 4 -1 #SUP: 7 #SID: 0 1 2 4 6 7 8
1 4 -1 4 -1 1 -1 1 -1 1 9 -1 #SUP: 7 #SID: 0 1 2 4 6 7 8
1 4 -1 4 -1 1 -1 1 -1 1 9 -1 4 -1 #SUP: 7 #SID: 0 1 2 4 6 7 8
1 4 -1 4 -1 1 -1 1 -1 4 -1 #SUP: 7 #SID: 0 1 2 4 6 7 8
1 4 -1 4 -1 1 -1 1 -1 9 -1 #SUP: 7 #SID: 0 1 2 4 6 7 8
1 4 -1 4 -1 1 -1 1 -1 9 -1 4 -1 #SUP: 7 #SID: 0 1 2 4 6 7 8
1 4 -1 4 -1 1 -1 1 9 -1 #SUP: 7 #SID: 0 1 2 4 6 7 8
1 4 -1 4 -1 1 -1 1 9 -1 4 -1 #SUP: 7 #SID: 0 1 2 4 6 7 8
1 4 -1 4 -1 1 -1 4 -1 #SUP: 8 #SID: 0 1 2 4 6 7 8 9
1 4 -1 4 -1 1 -1 4 -1 4 -1 #SUP: 7 #SID: 0 1 2 4 7 8 9
1 4 -1 4 -1 1 -1 9 -1 #SUP: 7 #SID: 0 1 2 4 6 7 8
1 4 -1 4 -1 1 -1 9 -1 4 -1 #SUP: 7 #SID: 0 1 2 4 6 7 8
1 4 -1 4 -1 1 4 -1 #SUP: 8 #SID: 0 1 2 4 5 7 8 9
1 4 -1 4 -1 1 4 -1 1 -1 #SUP: 7 #SID: 0 1 2 4 5 7 8
1 4 -1 4 -1 1 4 -1 1 -1 1 -1 #SUP: 7 #SID: 0 1 2 4 5 7 8
1 4 -1 4 -1 1 4 -1 4 -1 #SUP: 7 #SID: 0 1 2 4 7 8 9
1 4 -1 4 -1 1 4 -1 4 -1 4 -1 #SUP: 7 #SID: 0 1 2 4 7 8 9
1 4 -1 4 -1 1 4 9 -1 #SUP: 8 #SID: 0 1 2 4 5 7 8 9
1 4 -1 4 -1 1 4 9 -1 1 -1 #SUP: 7 #SID: 0 1 2 4 5 7 8
1 4 -1 4 -1 1 4 9 -1 1 -1 1 -1 #SUP: 7 #SID: 0 1 2 4 5 7 8
1 4 -1 4 -1 1 4 9 -1 4 -1 #SUP: 7 #SID: 0 1 2 4 7 8 9
1 4 -1 4 -1 1 4 9 -1 4 -1 4 -1 #SUP: 7 #SID: 0 1 2 4 7 8 9
1 4 -1 4 -1 1 9 -1 #SUP: 9 #SID: 0 1 2 4 5 6 7 8 9
1 4 -1 4 -1 1 9 -1 1 -1 #SUP: 8 #SID: 0 1 2 4 5 6 7 8
1 4 -1 4 -1 1 9 -1 1 -1 1 -1 #SUP: 8 #SID: 0 1 2 4 5 6 7 8
1 4 -1 4 -1 1 9 -1 1 -1 4 -1 #SUP: 7 #SID: 0 1 2 4 6 7 8
1 4 -1 4 -1 1 9 -1 4 -1 #SUP: 8 #SID: 0 1 2 4 6 7 8 9
1 4 -1 4 -1 1 9 -1 4 -1 4 -1 #SUP: 7 #SID: 0 1 2 4 7 8 9
1 4 -1 4 -1 4 -1 #SUP: 9 #SID: 0 1 2 4 5 6 7 8 9
1 4 -1 4 -1 4 -1 1 -1 #SUP: 7 #SID: 0 1 2 4 5 7 8
1 4 -1 4 -1 4 -1 1 -1 1 -1 #SUP: 7 #SID: 0 1 2 4 5 7 8
1 4 -1 4 -1 4 -1 4 -1 #SUP: 7 #SID: 0 1 2 4 7 8 9
1 4 -1 4 -1 4 -1 4 -1 4 -1 #SUP: 7 #SID: 0 1 2 4 7 8 9
1 4 -1 4 -1 4 9 -1 #SUP: 8 #SID: 0 1 2 4 5 7 8 9
1 4 -1 4 -1 4 9 -1 1 -1 #SUP: 7 #SID: 0 1 2 4 5 7 8
1 4 -1 4 -1 4 9 -1 1 -1 1 -1 #SUP: 7 #SID: 0 1 2 4 5 7 8
1 4 -1 4 -1 4 9 -1 4 -1 #SUP: 7 #SID: 0 1 2 4 7 8 9
1 4 -1 4 -1 4 9 -1 4 -1 4 -1 #SUP: 7 #SID: 0 1 2 4 7 8 9
1 4 -1 4 -1 9 -1 #SUP: 9 #SID: 0 1 2 4 5 6 7 8 9
1 4 -1 4 -1 9 -1 1 -1 #SUP: 9 #SID: 0 1 2 4 5 6 7 8 9
1 4 -1 4 -1 9 -1 1 -1 1 -1 #SUP: 8 #SID: 0 1 2 4 5 6 7 8
1 4 -1 4 -1 9 -1 1 -1 4 -1 #SUP: 8 #SID: 0 1 2 4 6 7 8 9
1 4 -1 4 -1 9 -1 1 -1 4 -1 4 -1 #SUP: 7 #SID: 0 1 2 4 7 8 9
1 4 -1 4 -1 9 -1 1 4 -1 #SUP: 7 #SID: 0 1 2 4 7 8 9
1 4 -1 4 -1 9 -1 1 4 -1 4 -1 #SUP: 7 #SID: 0 1 2 4 7 8 9
1 4 -1 4 -1 9 -1 1 4 -1 4 -1 4 -1 #SUP: 7 #SID: 0 1 2 4 7 8 9
1 4 -1 4 -1 9 -1 1 9 -1 #SUP: 7 #SID: 0 1 2 6 7 8 9
1 4 -1 4 -1 9 -1 1 9 -1 4 -1 #SUP: 7 #SID: 0 1 2 6 7 8 9
1 4 -1 4 -1 9 -1 4 -1 #SUP: 8 #SID: 0 1 2 4 6 7 8 9
1 4 -1 4 -1 9 -1 4 -1 4 -1 #SUP: 7 #SID: 0 1 2 4 7 8 9
1 4 -1 4 -1 9 -1 4 -1 4 -1 4 -1 #SUP: 7 #SID: 0 1 2 4 7 8 9
1 4 -1 4 -1 9 -1 9 -1 #SUP: 7 #SID: 0 1 2 6 7 8 9
1 4 -1 4 -1 9 -1 9 -1 4 -1 #SUP: 7 #SID: 0 1 2 6 7 8 9
1 4 -1 4 -1 55 -1 #SUP: 7 #SID: 0 1 2 6 7 8 9
1 4 -1 4 -1 55 -1 4 -1 #SUP: 7 #SID: 0 1 2 6 7 8 9
1 4 -1 4 9 -1 #SUP: 9 #SID: 0 1 2 4 5 6 7 8 9
1 4 -1 4 9 -1 1 -1 #SUP: 9 #SID: 0 1 2 4 5 6 7 8 9
1 4 -1 4 9 -1 1 -1 1 -1 #SUP: 8 #SID: 0 1 2 4 5 6 7 8
1 4 -1 4 9 -1 1 -1 4 -1 #SUP: 8 #SID: 0 1 2 4 6 7 8 9
1 4 -1 4 9 -1 1 -1 4 -1 4 -1 #SUP: 7 #SID: 0 1 2 4 7 8 9
1 4 -1 4 9 -1 1 4 -1 #SUP: 7 #SID: 0 1 2 4 7 8 9
1 4 -1 4 9 -1 1 4 -1 4 -1 #SUP: 7 #SID: 0 1 2 4 7 8 9
1 4 -1 4 9 -1 1 4 -1 4 -1 4 -1 #SUP: 7 #SID: 0 1 2 4 7 8 9
1 4 -1 4 9 -1 1 9 -1 #SUP: 7 #SID: 0 1 2 6 7 8 9
1 4 -1 4 9 -1 1 9 -1 4 -1 #SUP: 7 #SID: 0 1 2 6 7 8 9
1 4 -1 4 9 -1 4 -1 #SUP: 8 #SID: 0 1 2 4 6 7 8 9
1 4 -1 4 9 -1 4 -1 4 -1 #SUP: 7 #SID: 0 1 2 4 7 8 9
1 4 -1 4 9 -1 4 -1 4 -1 4 -1 #SUP: 7 #SID: 0 1 2 4 7 8 9
1 4 -1 4 9 -1 9 -1 #SUP: 7 #SID: 0 1 2 6 7 8 9
1 4 -1 4 9 -1 9 -1 1 -1 #SUP: 7 #SID: 0 1 2 6 7 8 9
1 4 -1 4 9 -1 9 -1 1 -1 4 -1 #SUP: 7 #SID: 0 1 2 6 7 8 9
1 4 -1 4 9 -1 9 -1 1 9 -1 #SUP: 7 #SID: 0 1 2 6 7 8 9
1 4 -1 4 9 -1 9 -1 1 9 -1 4 -1 #SUP: 7 #SID: 0 1 2 6 7 8 9
1 4 -1 4 9 -1 9 -1 4 -1 #SUP: 7 #SID: 0 1 2 6 7 8 9
1 4 -1 4 9 -1 9 -1 9 -1 #SUP: 7 #SID: 0 1 2 6 7 8 9
1 4 -1 4 9 -1 9 -1 9 -1 4 -1 #SUP: 7 #SID: 0 1 2 6 7 8 9
1 4 -1 4 55 -1 #SUP: 7 #SID: 0 1 2 5 7 8 9
1 4 -1 4 55 -1 4 -1 #SUP: 7 #SID: 0 1 2 5 7 8 9
1 4 -1 9 -1 #SUP: 9 #SID: 0 1 2 4 5 6 7 8 9
1 4 -1 9 -1 1 -1 #SUP: 9 #SID: 0 1 2 4 5 6 7 8 9
1 4 -1 9 -1 1 -1 1 -1 #SUP: 8 #SID: 0 1 2 4 5 6 7 8
1 4 -1 9 -1 1 -1 4 -1 #SUP: 8 #SID: 0 1 2 4 6 7 8 9
1 4 -1 9 -1 1 -1 4 -1 4 -1 #SUP: 7 #SID: 0 1 2 4 7 8 9
1 4 -1 9 -1 1 4 -1 #SUP: 7 #SID: 0 1 2 4 7 8 9
1 4 -1 9 -1 1 4 -1 4 -1 #SUP: 7 #SID: 0 1 2 4 7 8 9
1 4 -1 9 -1 1 4 -1 4 -1 4 -1 #SUP: 7 #SID: 0 1 2 4 7 8 9
1 4 -1 9 -1 1 9 -1 #SUP: 7 #SID: 0 1 2 6 7 8 9
1 4 -1 9 -1 1 9 -1 4 -1 #SUP: 7 #SID: 0 1 2 6 7 8 9
1 4 -1 9 -1 4 -1 #SUP: 8 #SID: 0 1 2 4 6 7 8 9
1 4 -1 9 -1 4 -1 1 -1 #SUP: 7 #SID: 0 1 2 4 6 7 8
1 4 -1 9 -1 4 -1 1 -1 1 -1 #SUP: 7 #SID: 0 1 2 4 6 7 8
1 4 -1 9 -1 4 -1 1 -1 4 -1 #SUP: 7 #SID: 0 1 2 4 6 7 8
1 4 -1 9 -1 4 -1 4 -1 #SUP: 8 #SID: 0 1 2 4 6 7 8 9
1 4 -1 9 -1 4 -1 4 -1 4 -1 #SUP: 7 #SID: 0 1 2 4 7 8 9
1 4 -1 9 -1 4 9 -1 #SUP: 7 #SID: 0 1 2 6 7 8 9
1 4 -1 9 -1 4 9 -1 4 -1 #SUP: 7 #SID: 0 1 2 6 7 8 9
1 4 -1 9 -1 9 -1 #SUP: 7 #SID: 0 1 2 6 7 8 9
1 4 -1 9 -1 9 -1 1 -1 #SUP: 7 #SID: 0 1 2 6 7 8 9
1 4 -1 9 -1 9 -1 1 -1 4 -1 #SUP: 7 #SID: 0 1 2 6 7 8 9
1 4 -1 9 -1 9 -1 1 9 -1 #SUP: 7 #SID: 0 1 2 6 7 8 9
1 4 -1 9 -1 9 -1 1 9 -1 4 -1 #SUP: 7 #SID: 0 1 2 6 7 8 9
1 4 -1 9 -1 9 -1 4 -1 #SUP: 7 #SID: 0 1 2 6 7 8 9
1 4 -1 9 -1 9 -1 9 -1 #SUP: 7 #SID: 0 1 2 6 7 8 9
1 4 -1 9 -1 9 -1 9 -1 4 -1 #SUP: 7 #SID: 0 1 2 6 7 8 9
1 4 -1 55 -1 #SUP: 8 #SID: 0 1 2 5 6 7 8 9
1 4 -1 55 -1 4 -1 #SUP: 8 #SID: 0 1 2 5 6 7 8 9
1 4 -1 55 -1 4 -1 4 -1 #SUP: 7 #SID: 0 1 2 5 7 8 9
1 4 -1 56 -1 #SUP: 7 #SID: 1 2 3 4 6 7 8
1 4 9 -1 #SUP: 10 #SID: 0 1 2 3 4 5 6 7 8 9
1 4 9 -1 1 -1 #SUP: 8 #SID: 0 1 2 4 5 6 7 8
1 4 9 -1 1 -1 1 -1 #SUP: 8 #SID: 0 1 2 4 5 6 7 8
1 4 9 -1 4 -1 #SUP: 9 #SID: 0 1 2 3 4 6 7 8 9
1 4 9 -1 4 -1 1 -1 #SUP: 7 #SID: 0 1 2 4 6 7 8
1 4 9 -1 4 -1 4 -1 #SUP: 8 #SID: 0 1 2 4 6 7 8 9
1 4 9 -1 56 -1 #SUP: 7 #SID: 1 2 3 4 6 7 8
1 4 11 -1 #SUP: 7 #SID: 0 1 2 5 7 8 9
1 4 11 -1 1 -1 #SUP: 7 #SID: 0 1 2 5 7 8 9
1 4 11 -1 1 9 -1 #SUP: 7 #SID: 0 1 2 5 7 8 9
1 4 11 -1 9 -1 #SUP: 7 #SID: 0 1 2 5 7 8 9
1 4 11 -1 9 -1 1 -1 #SUP: 7 #SID: 0 1 2 5 7 8 9
1 4 11 -1 55 -1 #SUP: 7 #SID: 0 1 2 5 7 8 9
1 9 -1 #SUP: 10 #SID: 0 1 2 3 4 5 6 7 8 9
1 9 -1 1 -1 #SUP: 8 #SID: 0 1 2 4 5 6 7 8
1 9 -1 1 -1 1 -1 #SUP: 8 #SID: 0 1 2 4 5 6 7 8
1 9 -1 1 -1 4 -1 #SUP: 7 #SID: 0 1 2 4 6 7 8
1 9 -1 1 -1 4 -1 1 -1 #SUP: 7 #SID: 0 1 2 4 6 7 8
1 9 -1 1 -1 4 -1 4 -1 #SUP: 7 #SID: 0 1 2 4 6 7 8
1 9 -1 4 -1 #SUP: 9 #SID: 0 1 2 3 4 6 7 8 9
1 9 -1 4 -1 1 -1 #SUP: 7 #SID: 0 1 2 4 6 7 8
1 9 -1 4 -1 4 -1 #SUP: 8 #SID: 0 1 2 4 6 7 8 9
1 9 -1 56 -1 #SUP: 7 #SID: 1 2 3 4 6 7 8
1 11 -1 #SUP: 7 #SID: 0 1 2 5 7 8 9
1 11 -1 1 -1 #SUP: 7 #SID: 0 1 2 5 7 8 9
1 11 -1 1 9 -1 #SUP: 7 #SID: 0 1 2 5 7 8 9
1 11 -1 9 -1 #SUP: 7 #SID: 0 1 2 5 7 8 9
1 11 -1 9 -1 1 -1 #SUP: 7 #SID: 0 1 2 5 7 8 9
1 11 -1 55 -1 #SUP: 7 #SID: 0 1 2 5 7 8 9
4 -1 1 -1 #SUP: 9 #SID: 0 1 2 4 5 6 7 8 9
4 -1 1 -1 1 -1 #SUP: 8 #SID: 0 1 2 4 5 6 7 8
4 -1 1 -1 1 -1 1 -1 #SUP: 8 #SID: 0 1 2 4 5 6 7 8
4 -1 1 -1 1 -1 1 -1 1 -1 #SUP: 7 #SID: 1 2 4 5 6 7 8
4 -1 1 -1 1 -1 1 -1 4 -1 #SUP: 7 #SID: 0 1 2 4 6 7 8
4 -1 1 -1 1 -1 1 9 -1 #SUP: 7 #SID: 0 1 2 4 6 7 8
4 -1 1 -1 1 -1 1 9 -1 4 -1 #SUP: 7 #SID: 0 1 2 4 6 7 8
4 -1 1 -1 1 -1 4 -1 #SUP: 7 #SID: 0 1 2 4 6 7 8
4 -1 1 -1 1 -1 9 -1 #SUP: 7 #SID: 0 1 2 4 6 7 8
4 -1 1 -1 1 -1 9 -1 4 -1 #SUP: 7 #SID: 0 1 2 4 6 7 8
4 -1 1 -1 1 9 -1 #SUP: 8 #SID: 0 1 2 4 5 6 7 8
4 -1 1 -1 1 9 -1 1 -1 #SUP: 8 #SID: 0 1 2 4 5 6 7 8
4 -1 1 -1 1 9 -1 1 -1 1 -1 #SUP: 7 #SID: 1 2 4 5 6 7 8
4 -1 1 -1 1 9 -1 1 -1 4 -1 #SUP: 7 #SID: 0 1 2 4 6 7 8
4 -1 1 -1 1 9 -1 4 -1 #SUP: 7 #SID: 0 1 2 4 6 7 8
4 -1 1 -1 4 -1 #SUP: 9 #SID: 0 1 2 4 5 6 7 8 9
4 -1 1 -1 4 -1 1 -1 #SUP: 8 #SID: 0 1 2 4 5 6 7 8
4 -1 1 -1 4 -1 1 -1 1 -1 #SUP: 7 #SID: 1 2 4 5 6 7 8
4 -1 1 -1 4 -1 1 -1 4 -1 #SUP: 7 #SID: 0 1 2 4 6 7 8
4 -1 1 -1 4 -1 1 9 -1 #SUP: 7 #SID: 0 1 2 5 6 7 8
4 -1 1 -1 4 -1 4 -1 #SUP: 9 #SID: 0 1 2 4 5 6 7 8 9
4 -1 1 -1 4 -1 4 -1 1 -1 #SUP: 7 #SID: 0 1 2 4 5 7 8
4 -1 1 -1 4 -1 9 -1 #SUP: 7 #SID: 0 1 2 5 6 7 8
4 -1 1 -1 4 -1 9 -1 1 -1 #SUP: 7 #SID: 0 1 2 5 6 7 8
4 -1 1 -1 4 9 -1 #SUP: 8 #SID: 0 1 2 4 5 6 7 8
4 -1 1 -1 4 9 -1 1 -1 #SUP: 8 #SID: 0 1 2 4 5 6 7 8
4 -1 1 -1 4 9 -1 1 -1 1 -1 #SUP: 7 #SID: 1 2 4 5 6 7 8
4 -1 1 -1 4 9 -1 1 -1 4 -1 #SUP: 7 #SID: 0 1 2 4 6 7 8
4 -1 1 -1 4 9 -1 4 -1 #SUP: 7 #SID: 0 1 2 4 6 7 8
4 -1 1 -1 9 -1 #SUP: 8 #SID: 0 1 2 4 5 6 7 8
4 -1 1 -1 9 -1 1 -1 #SUP: 8 #SID: 0 1 2 4 5 6 7 8
4 -1 1 -1 9 -1 1 -1 1 -1 #SUP: 8 #SID: 0 1 2 4 5 6 7 8
4 -1 1 -1 9 -1 1 -1 4 -1 #SUP: 7 #SID: 0 1 2 4 6 7 8
4 -1 1 -1 9 -1 4 -1 #SUP: 7 #SID: 0 1 2 4 6 7 8
4 -1 1 -1 55 -1 #SUP: 7 #SID: 0 1 2 5 6 7 8
4 -1 1 -1 55 -1 4 -1 #SUP: 7 #SID: 0 1 2 5 6 7 8
4 -1 1 4 -1 #SUP: 8 #SID: 0 1 2 4 5 7 8 9
4 -1 1 4 -1 1 -1 #SUP: 7 #SID: 0 1 2 4 5 7 8
4 -1 1 4 -1 1 -1 1 -1 #SUP: 7 #SID: 0 1 2 4 5 7 8
4 -1 1 4 -1 4 -1 #SUP: 7 #SID: 0 1 2 4 7 8 9
4 -1 1 4 -1 4 -1 4 -1 #SUP: 7 #SID: 0 1 2 4 7 8 9
4 -1 1 4 9 -1 #SUP: 8 #SID: 0 1 2 4 5 7 8 9
4 -1 1 4 9 -1 1 -1 #SUP: 7 #SID: 0 1 2 4 5 7 8
4 -1 1 4 9 -1 1 -1 1 -1 #SUP: 7 #SID: 0 1 2 4 5 7 8
4 -1 1 4 9 -1 4 -1 #SUP: 7 #SID: 0 1 2 4 7 8 9
4 -1 1 4 9 -1 4 -1 4 -1 #SUP: 7 #SID: 0 1 2 4 7 8 9
4 -1 1 9 -1 #SUP: 9 #SID: 0 1 2 4 5 6 7 8 9
4 -1 1 9 -1 1 -1 #SUP: 8 #SID: 0 1 2 4 5 6 7 8
4 -1 1 9 -1 1 -1 1 -1 #SUP: 8 #SID: 0 1 2 4 5 6 7 8
4 -1 1 9 -1 1 -1 4 -1 #SUP: 7 #SID: 0 1 2 4 6 7 8
4 -1 1 9 -1 4 -1 #SUP: 8 #SID: 0 1 2 4 6 7 8 9
4 -1 1 9 -1 4 -1 1 -1 #SUP: 7 #SID: 0 1 2 4 6 7 8
4 -1 1 9 -1 4 -1 4 -1 #SUP: 8 #SID: 0 1 2 4 6 7 8 9
4 -1 4 -1 #SUP: 10 #SID: 0 1 2 3 4 5 6 7 8 9
4 -1 4 -1 1 -1 #SUP: 9 #SID: 0 1 2 4 5 6 7 8 9
4 -1 4 -1 1 -1 1 -1 #SUP: 8 #SID: 0 1 2 4 5 6 7 8
4 -1 4 -1 1 -1 1 -1 1 -1 #SUP: 8 #SID: 0 1 2 4 5 6 7 8
4 -1 4 -1 1 -1 1 -1 1 -1 4 -1 #SUP: 7 #SID: 0 1 2 4 6 7 8
4 -1 4 -1 1 -1 1 -1 1 9 -1 #SUP: 7 #SID: 0 1 2 4 6 7 8
4 -1 4 -1 1 -1 1 -1 1 9 -1 4 -1 #SUP: 7 #SID: 0 1 2 4 6 7 8
4 -1 4 -1 1 -1 1 -1 4 -1 #SUP: 7 #SID: 0 1 2 4 6 7 8
4 -1 4 -1 1 -1 1 -1 9 -1 #SUP: 7 #SID: 0 1 2 4 6 7 8
4 -1 4 -1 1 -1 1 -1 9 -1 4 -1 #SUP: 7 #SID: 0 1 2 4 6 7 8
4 -1 4 -1 1 -1 1 9 -1 #SUP: 7 #SID: 0 1 2 4 6 7 8
4 -1 4 -1 1 -1 1 9 -1 4 -1 #SUP: 7 #SID: 0 1 2 4 6 7 8
4 -1 4 -1 1 -1 4 -1 #SUP: 8 #SID: 0 1 2 4 6 7 8 9
4 -1 4 -1 1 -1 4 -1 4 -1 #SUP: 7 #SID: 0 1 2 4 7 8 9
4 -1 4 -1 1 -1 9 -1 #SUP: 7 #SID: 0 1 2 4 6 7 8
4 -1 4 -1 1 -1 9 -1 4 -1 #SUP: 7 #SID: 0 1 2 4 6 7 8
4 -1 4 -1 1 4 -1 #SUP: 8 #SID: 0 1 2 4 5 7 8 9
4 -1 4 -1 1 4 -1 1 -1 #SUP: 7 #SID: 0 1 2 4 5 7 8
4 -1 4 -1 1 4 -1 1 -1 1 -1 #SUP: 7 #SID: 0 1 2 4 5 7 8
4 -1 4 -1 1 4 -1 4 -1 #SUP: 7 #SID: 0 1 2 4 7 8 9
4 -1 4 -1 1 4 -1 4 -1 4 -1 #SUP: 7 #SID: 0 1 2 4 7 8 9
4 -1 4 -1 1 4 9 -1 #SUP: 8 #SID: 0 1 2 4 5 7 8 9
4 -1 4 -1 1 4 9 -1 1 -1 #SUP: 7 #SID: 0 1 2 4 5 7 8
4 -1 4 -1 1 4 9 -1 1 -1 1 -1 #SUP: 7 #SID: 0 1 2 4 5 7 8
4 -1 4 -1 1 4 9 -1 4 -1 #SUP: 7 #SID: 0 1 2 4 7 8 9
4 -1 4 -1 1 4 9 -1 4 -1 4 -1 #SUP: 7 #SID: 0 1 2 4 7 8 9
4 -1 4 -1 1 9 -1 #SUP: 9 #SID: 0 1 2 4 5 6 7 8 9
4 -1 4 -1 1 9 -1 1 -1 #SUP: 8 #SID: 0 1 2 4 5 6 7 8
4 -1 4 -1 1 9 -1 1 -1 1 -1 #SUP: 8 #SID: 0 1 2 4 5 6 7 8
4 -1 4 -1 1 9 -1 1 -1 4 -1 #SUP: 7 #SID: 0 1 2 4 6 7 8
4 -1 4 -1 1 9 -1 4 -1 #SUP: 8 #SID: 0 1 2 4 6 7 8 9
4 -1 4 -1 1 9 -1 4 -1 4 -1 #SUP: 7 #SID: 0 1 2 4 7 8 9
4 -1 4 -1 4 -1 #SUP: 9 #SID: 0 1 2 4 5 6 7 8 9
4 -1 4 -1 4 -1 1 -1 #SUP: 7 #SID: 0 1 2 4 5 7 8
4 -1 4 -1 4 -1 1 -1 1 -1 #SUP: 7 #SID: 0 1 2 4 5 7 8
4 -1 4 -1 4 -1 4 -1 #SUP: 7 #SID: 0 1 2 4 7 8 9
4 -1 4 -1 4 -1 4 -1 4 -1 #SUP: 7 #SID: 0 1 2 4 7 8 9
4 -1 4 -1 4 9 -1 #SUP: 8 #SID: 0 1 2 4 5 7 8 9
4 -1 4 -1 4 9 -1 1 -1 #SUP: 7 #SID: 0 1 2 4 5 7 8
4 -1 4 -1 4 9 -1 1 -1 1 -1 #SUP: 7 #SID: 0 1 2 4 5 7 8
4 -1 4 -1 4 9 -1 4 -1 #SUP: 7 #SID: 0 1 2 4 7 8 9
4 -1 4 -1 4 9 -1 4 -1 4 -1 #SUP: 7 #SID: 0 1 2 4 7 8 9
4 -1 4 -1 9 -1 #SUP: 9 #SID: 0 1 2 4 5 6 7 8 9
4 -1 4 -1 9 -1 1 -1 #SUP: 9 #SID: 0 1 2 4 5 6 7 8 9
4 -1 4 -1 9 -1 1 -1 1 -1 #SUP: 8 #SID: 0 1 2 4 5 6 7 8
4 -1 4 -1 9 -1 1 -1 4 -1 #SUP: 8 #SID: 0 1 2 4 6 7 8 9
4 -1 4 -1 9 -1 1 -1 4 -1 4 -1 #SUP: 7 #SID: 0 1 2 4 7 8 9
4 -1 4 -1 9 -1 1 4 -1 #SUP: 7 #SID: 0 1 2 4 7 8 9
4 -1 4 -1 9 -1 1 4 -1 4 -1 #SUP: 7 #SID: 0 1 2 4 7 8 9
4 -1 4 -1 9 -1 1 4 -1 4 -1 4 -1 #SUP: 7 #SID: 0 1 2 4 7 8 9
4 -1 4 -1 9 -1 1 9 -1 #SUP: 7 #SID: 0 1 2 6 7 8 9
4 -1 4 -1 9 -1 1 9 -1 4 -1 #SUP: 7 #SID: 0 1 2 6 7 8 9
4 -1 4 -1 9 -1 4 -1 #SUP: 8 #SID: 0 1 2 4 6 7 8 9
4 -1 4 -1 9 -1 4 -1 4 -1 #SUP: 7 #SID: 0 1 2 4 7 8 9
4 -1 4 -1 9 -1 4 -1 4 -1 4 -1 #SUP: 7 #SID: 0 1 2 4 7 8 9
4 -1 4 -1 9 -1 9 -1 #SUP: 7 #SID: 0 1 2 6 7 8 9
4 -1 4 -1 9 -1 9 -1 4 -1 #SUP: 7 #SID: 0 1 2 6 7 8 9
4 -1 4 -1 55 -1 #SUP: 7 #SID: 0 1 2 6 7 8 9
4 -1 4 -1 55 -1 4 -1 #SUP: 7 #SID: 0 1 2 6 7 8 9
4 -1 4 9 -1 #SUP: 9 #SID: 0 1 2 4 5 6 7 8 9
4 -1 4 9 -1 1 -1 #SUP: 9 #SID: 0 1 2 4 5 6 7 8 9
4 -1 4 9 -1 1 -1 1 -1 #SUP: 8 #SID: 0 1 2 4 5 6 7 8
4 -1 4 9 -1 1 -1 4 -1 #SUP: 8 #SID: 0 1 2 4 6 7 8 9
4 -1 4 9 -1 1 -1 4 -1 4 -1 #SUP: 7 #SID: 0 1 2 4 7 8 9
4 -1 4 9 -1 1 4 -1 #SUP: 7 #SID: 0 1 2 4 7 8 9
4 -1 4 9 -1 1 4 -1 4 -1 #SUP: 7 #SID: 0 1 2 4 7 8 9
4 -1 4 9 -1 1 4 -1 4 -1 4 -1 #SUP: 7 #SID: 0 1 2 4 7 8 9
4 -1 4 9 -1 1 9 -1 #SUP: 7 #SID: 0 1 2 6 7 8 9
4 -1 4 9 -1 1 9 -1 4 -1 #SUP: 7 #SID: 0 1 2 6 7 8 9
4 -1 4 9 -1 4 -1 #SUP: 8 #SID: 0 1 2 4 6 7 8 9
4 -1 4 9 -1 4 -1 4 -1 #SUP: 7 #SID: 0 1 2 4 7 8 9
4 -1 4 9 -1 4 -1 4 -1 4 -1 #SUP: 7 #SID: 0 1 2 4 7 8 9
4 -1 4 9 -1 9 -1 #SUP: 7 #SID: 0 1 2 6 7 8 9
4 -1 4 9 -1 9 -1 1 -1 #SUP: 7 #SID: 0 1 2 6 7 8 9
4 -1 4 9 -1 9 -1 1 -1 4 -1 #SUP: 7 #SID: 0 1 2 6 7 8 9
4 -1 4 9 -1 9 -1 1 9 -1 #SUP: 7 #SID: 0 1 2 6 7 8 9
4 -1 4 9 -1 9 -1 1 9 -1 4 -1 #SUP: 7 #SID: 0 1 2 6 7 8 9
4 -1 4 9 -1 9 -1 4 -1 #SUP: 7 #SID: 0 1 2 6 7 8 9
4 -1 4 9 -1 9 -1 9 -1 #SUP: 7 #SID: 0 1 2 6 7 8 9
4 -1 4 9 -1 9 -1 9 -1 4 -1 #SUP: 7 #SID: 0 1 2 6 7 8 9
4 -1 4 55 -1 #SUP: 7 #SID: 0 1 2 5 7 8 9
4 -1 4 55 -1 4 -1 #SUP: 7 #SID: 0 1 2 5 7 8 9
4 -1 9 -1 #SUP: 9 #SID: 0 1 2 4 5 6 7 8 9
4 -1 9 -1 1 -1 #SUP: 9 #SID: 0 1 2 4 5 6 7 8 9
4 -1 9 -1 1 -1 1 -1 #SUP: 8 #SID: 0 1 2 4 5 6 7 8
4 -1 9 -1 1 -1 4 -1 #SUP: 8 #SID: 0 1 2 4 6 7 8 9
4 -1 9 -1 1 -1 4 -1 4 -1 #SUP: 7 #SID: 0 1 2 4 7 8 9
4 -1 9 -1 1 4 -1 #SUP: 7 #SID: 0 1 2 4 7 8 9
4 -1 9 -1 1 4 -1 4 -1 #SUP: 7 #SID: 0 1 2 4 7 8 9
4 -1 9 -1 1 4 -1 4 -1 4 -1 #SUP: 7 #SID: 0 1 2 4 7 8 9
4 -1 9 -1 1 9 -1 #SUP: 7 #SID: 0 1 2 6 7 8 9
4 -1 9 -1 1 9 -1 4 -1 #SUP: 7 #SID: 0 1 2 6 7 8 9
4 -1 9 -1 4 -1 #SUP: 8 #SID: 0 1 2 4 6 7 8 9
4 -1 9 -1 4 -1 1 -1 #SUP: 7 #SID: 0 1 2 4 6 7 8
4 -1 9 -1 4 -1 1 -1 1 -1 #SUP: 7 #SID: 0 1 2 4 6 7 8
4 -1 9 -1 4 -1 1 -1 4 -1 #SUP: 7 #SID: 0 1 2 4 6 7 8
4 -1 9 -1 4 -1 4 -1 #SUP: 8 #SID: 0 1 2 4 6 7 8 9
4 -1 9 -1 4 -1 4 -1 4 -1 #SUP: 7 #SID: 0 1 2 4 7 8 9
4 -1 9 -1 4 9 -1 #SUP: 7 #SID: 0 1 2 6 7 8 9
4 -1 9 -1 4 9 -1 4 -1 #SUP: 7 #SID: 0 1 2 6 7 8 9
4 -1 9 -1 9 -1 #SUP: 7 #SID: 0 1 2 6 7 8 9
4 -1 9 -1 9 -1 1 -1 #SUP: 7 #SID: 0 1 2 6 7 8 9
4 -1 9 -1 9 -1 1 -1 4 -1 #SUP: 7 #SID: 0 1 2 6 7 8 9
4 -1 9 -1 9 -1 1 9 -1 #SUP: 7 #SID: 0 1 2 6 7 8 9
4 -1 9 -1 9 -1 1 9 -1 4 -1 #SUP: 7 #SID: 0 1 2 6 7 8 9
4 -1 9 -1 9 -1 4 -1 #SUP: 7 #SID: 0 1 2 6 7 8 9
4 -1 9 -1 9 -1 9 -1 #SUP: 7 #SID: 0 1 2 6 7 8 9
4 -1 9 -1 9 -1 9 -1 4 -1 #SUP: 7 #SID: 0 1 2 6 7 8 9
4 -1 55 -1 #SUP: 8 #SID: 0 1 2 5 6 7 8 9
4 -1 55 -1 4 -1 #SUP: 8 #SID: 0 1 2 5 6 7 8 9
4 -1 55 -1 4 -1 4 -1 #SUP: 7 #SID: 0 1 2 5 7 8 9
4 -1 56 -1 #SUP: 7 #SID: 1 2 3 4 6 7 8
4 9 -1 #SUP: 10 #SID: 0 1 2 3 4 5 6 7 8 9
4 9 -1 1 -1 #SUP: 9 #SID: 0 1 2 4 5 6 7 8 9
4 9 -1 1 -1 1 -1 #SUP: 8 #SID: 0 1 2 4 5 6 7 8
4 9 -1 1 -1 4 -1 #SUP: 8 #SID: 0 1 2 4 6 7 8 9
4 9 -1 1 -1 4 -1 1 -1 #SUP: 7 #SID: 0 1 2 4 6 7 8
4 9 -1 1 -1 4 -1 4 -1 #SUP: 8 #SID: 0 1 2 4 6 7 8 9
4 9 -1 1 4 -1 #SUP: 7 #SID: 0 1 2 4 7 8 9
4 9 -1 1 4 -1 4 -1 #SUP: 7 #SID: 0 1 2 4 7 8 9
4 9 -1 1 4 -1 4 -1 4 -1 #SUP: 7 #SID: 0 1 2 4 7 8 9
4 9 -1 1 9 -1 #SUP: 7 #SID: 0 1 2 6 7 8 9
4 9 -1 1 9 -1 4 -1 #SUP: 7 #SID: 0 1 2 6 7 8 9
4 9 -1 1 9 -1 4 -1 4 -1 #SUP: 7 #SID: 0 1 2 6 7 8 9
4 9 -1 4 -1 #SUP: 9 #SID: 0 1 2 3 4 6 7 8 9
4 9 -1 4 -1 1 -1 #SUP: 7 #SID: 0 1 2 4 6 7 8
4 9 -1 4 -1 1 -1 1 -1 #SUP: 7 #SID: 0 1 2 4 6 7 8
4 9 -1 4 -1 1 -1 4 -1 #SUP: 7 #SID: 0 1 2 4 6 7 8
4 9 -1 4 -1 4 -1 #SUP: 8 #SID: 0 1 2 4 6 7 8 9
4 9 -1 4 -1 4 -1 4 -1 #SUP: 7 #SID: 0 1 2 4 7 8 9
4 9 -1 4 9 -1 #SUP: 7 #SID: 0 1 2 6 7 8 9
4 9 -1 4 9 -1 4 -1 #SUP: 7 #SID: 0 1 2 6 7 8 9
4 9 -1 9 -1 #SUP: 7 #SID: 0 1 2 6 7 8 9
4 9 -1 9 -1 1 -1 #SUP: 7 #SID: 0 1 2 6 7 8 9
4 9 -1 9 -1 1 -1 4 -1 #SUP: 7 #SID: 0 1 2 6 7 8 9
4 9 -1 9 -1 1 9 -1 #SUP: 7 #SID: 0 1 2 6 7 8 9
4 9 -1 9 -1 1 9 -1 4 -1 #SUP: 7 #SID: 0 1 2 6 7 8 9
4 9 -1 9 -1 4 -1 #SUP: 7 #SID: 0 1 2 6 7 8 9
4 9 -1 9 -1 4 -1 4 -1 #SUP: 7 #SID: 0 1 2 6 7 8 9
4 9 -1 9 -1 4 9 -1 #SUP: 7 #SID: 0 1 2 6 7 8 9
4 9 -1 9 -1 4 9 -1 4 -1 #SUP: 7 #SID: 0 1 2 6 7 8 9
4 9 -1 9 -1 9 -1 #SUP: 7 #SID: 0 1 2 6 7 8 9
4 9 -1 9 -1 9 -1 4 -1 #SUP: 7 #SID: 0 1 2 6 7 8 9
4 9 -1 56 -1 #SUP: 7 #SID: 1 2 3 4 6 7 8
4 11 -1 #SUP: 7 #SID: 0 1 2 5 7 8 9
4 11 -1 1 -1 #SUP: 7 #SID: 0 1 2 5 7 8 9
4 11 -1 1 9 -1 #SUP: 7 #SID: 0 1 2 5 7 8 9
4 11 -1 9 -1 #SUP: 7 #SID: 0 1 2 5 7 8 9
4 11 -1 9 -1 1 -1 #SUP: 7 #SID: 0 1 2 5 7 8 9
4 11 -1 55 -1 #SUP: 7 #SID: 0 1 2 5 7 8 9
4 55 -1 #SUP: 7 #SID: 0 1 2 5 7 8 9
4 55 -1 4 -1 #SUP: 7 #SID: 0 1 2 5 7 8 9
4 55 -1 4 -1 4 -1 #SUP: 7 #SID: 0 1 2 5 7 8 9
9 -1 1 -1 #SUP: 9 #SID: 0 1 2 4 5 6 7 8 9
9 -1 1 -1 1 -1 #SUP: 8 #SID: 0 1 2 4 5 6 7 8
9 -1 1 -1 4 -1 #SUP: 8 #SID: 0 1 2 4 6 7 8 9
9 -1 1 -1 4 -1 1 -1 #SUP: 7 #SID: 0 1 2 4 6 7 8
9 -1 1 -1 4 -1 4 -1 #SUP: 8 #SID: 0 1 2 4 6 7 8 9
9 -1 1 4 -1 #SUP: 7 #SID: 0 1 2 4 7 8 9
9 -1 1 4 -1 4 -1 #SUP: 7 #SID: 0 1 2 4 7 8 9
9 -1 1 4 -1 4 -1 4 -1 #SUP: 7 #SID: 0 1 2 4 7 8 9
9 -1 1 9 -1 #SUP: 7 #SID: 0 1 2 6 7 8 9
9 -1 1 9 -1 4 -1 #SUP: 7 #SID: 0 1 2 6 7 8 9
9 -1 1 9 -1 4 -1 4 -1 #SUP: 7 #SID: 0 1 2 6 7 8 9
9 -1 4 -1 #SUP: 9 #SID: 0 1 2 3 4 6 7 8 9
9 -1 4 -1 1 -1 #SUP: 7 #SID: 0 1 2 4 6 7 8
9 -1 4 -1 1 -1 1 -1 #SUP: 7 #SID: 0 1 2 4 6 7 8
9 -1 4 -1 1 -1 4 -1 #SUP: 7 #SID: 0 1 2 4 6 7 8
9 -1 4 -1 4 -1 #SUP: 8 #SID: 0 1 2 4 6 7 8 9
9 -1 4 -1 4 -1 4 -1 #SUP: 7 #SID: 0 1 2 4 7 8 9
9 -1 4 9 -1 #SUP: 7 #SID: 0 1 2 6 7 8 9
9 -1 4 9 -1 4 -1 #SUP: 7 #SID: 0 1 2 6 7 8 9
9 -1 9 -1 #SUP: 7 #SID: 0 1 2 6 7 8 9
9 -1 9 -1 1 -1 #SUP: 7 #SID: 0 1 2 6 7 8 9
9 -1 9 -1 1 -1 4 -1 #SUP: 7 #SID: 0 1 2 6 7 8 9
9 -1 9 -1 1 9 -1 #SUP: 7 #SID: 0 1 2 6 7 8 9
9 -1 9 -1 1 9 -1 4 -1 #SUP: 7 #SID: 0 1 2 6 7 8 9
9 -1 9 -1 4 -1 #SUP: 7 #SID: 0 1 2 6 7 8 9
9 -1 9 -1 4 -1 4 -1 #SUP: 7 #SID: 0 1 2 6 7 8 9
9 -1 9 -1 4 9 -1 #SUP: 7 #SID: 0 1 2 6 7 8 9
9 -1 9 -1 4 9 -1 4 -1 #SUP: 7 #SID: 0 1 2 6 7 8 9
9 -1 9 -1 9 -1 #SUP: 7 #SID: 0 1 2 6 7 8 9
9 -1 9 -1 9 -1 4 -1 #SUP: 7 #SID: 0 1 2 6 7 8 9
9 -1 56 -1 #SUP: 7 #SID: 1 2 3 4 6 7 8
11 -1 1 -1 #SUP: 7 #SID: 0 1 2 5 7 8 9
11 -1 1 9 -1 #SUP: 7 #SID: 0 1 2 5 7 8 9
11 -1 9 -1 #SUP: 7 #SID: 0 1 2 5 7 8 9
11 -1 9 -1 1 -1 #SUP: 7 #SID: 0 1 2 5 7 8 9
11 -1 55 -1 #SUP: 7 #SID: 0 1 2 5 7 8 9
55 -1 1 -1 #SUP: 7 #SID: 0 1 2 5 6 7 8
55 -1 1 -1 1 -1 #SUP: 7 #SID: 0 1 2 5 6 7 8
55 -1 1 -1 4 -1 #SUP: 7 #SID: 0 1 2 5 6 7 8
55 -1 1 -1 4 -1 4 -1 #SUP: 7 #SID: 0 1 2 5 6 7 8
55 -1 1 4 -1 #SUP: 7 #SID: 0 1 2 5 6 7 8
55 -1 1 4 -1 1 -1 #SUP: 7 #SID: 0 1 2 5 6 7 8
55 -1 1 4 9 -1 #SUP: 7 #SID: 0 1 2 5 6 7 8
55 -1 1 4 9 -1 1 -1 #SUP: 7 #SID: 0 1 2 5 6 7 8
55 -1 1 9 -1 #SUP: 7 #SID: 0 1 2 5 6 7 8
55 -1 1 9 -1 1 -1 #SUP: 7 #SID: 0 1 2 5 6 7 8
55 -1 4 -1 #SUP: 8 #SID: 0 1 2 5 6 7 8 9
55 -1 4 -1 1 -1 #SUP: 7 #SID: 0 1 2 5 6 7 8
55 -1 4 -1 4 -1 #SUP: 8 #SID: 0 1 2 5 6 7 8 9
55 -1 4 9 -1 #SUP: 7 #SID: 0 1 2 5 6 7 8
55 -1 4 9 -1 1 -1 #SUP: 7 #SID: 0 1 2 5 6 7 8
55 -1 9 -1 #SUP: 7 #SID: 0 1 2 5 6 7 8
55 -1 9 -1 1 -1 #SUP: 7 #SID: 0 1 2 5 6 7 8
55 -1 9 -1 1 -1 1 -1 #SUP: 7 #SID: 0 1 2 5 6 7 8
