2 -1 4 -1 4 -1 9 -1 #SUP: 8 #SID: 0 1 2 3 4 5 6 7
2 -1 4 -1 4 9 -1 #SUP: 8 #SID: 0 1 2 3 4 5 6 7
2 -1 4 -1 9 -1 4 -1 #SUP: 8 #SID: 0 1 2 3 4 5 6 7
2 -1 4 -1 9 -1 45 -1 #SUP: 8 #SID: 0 1 2 3 4 5 6 7
2 -1 4 -1 9 -1 45 -1 4 -1 #SUP: 8 #SID: 0 1 2 3 4 5 6 7
2 -1 4 -1 45 -1 4 -1 #SUP: 8 #SID: 0 1 2 3 4 5 6 7
2 -1 4 -1 45 -1 45 -1 #SUP: 8 #SID: 0 1 2 3 4 5 6 7
2 -1 4 -1 45 -1 45 -1 4 -1 #SUP: 8 #SID: 0 1 2 3 4 5 6 7
2 -1 4 9 -1 4 -1 #SUP: 8 #SID: 0 1 2 3 4 5 6 7
2 -1 4 9 -1 45 -1 #SUP: 8 #SID: 0 1 2 3 4 5 6 7
2 -1 4 9 -1 45 -1 4 -1 #SUP: 8 #SID: 0 1 2 3 4 5 6 7
2 -1 4 9 -1 45 -1 45 -1 #SUP: 8 #SID: 0 1 2 3 4 5 6 7
2 -1 4 9 -1 45 -1 45 -1 4 -1 #SUP: 8 #SID: 0 1 2 3 4 5 6 7
2 -1 9 -1 45 -1 4 -1 #SUP: 8 #SID: 0 1 2 3 4 5 6 7
2 -1 9 -1 45 -1 45 -1 #SUP: 8 #SID: 0 1 2 3 4 5 6 7
2 -1 9 -1 45 -1 45 -1 4 -1 #SUP: 8 #SID: 0 1 2 3 4 5 6 7
2 -1 45 -1 45 -1 4 -1 #SUP: 8 #SID: 0 1 2 3 4 5 6 7
2 4 -1 4 -1 4 -1 #SUP: 8 #SID: 0 1 2 3 4 5 6 7
2 4 -1 4 -1 4 -1 9 -1 #SUP: 8 #SID: 0 1 2 3 4 5 6 7
2 4 -1 4 -1 4 9 -1 #SUP: 8 #SID: 0 1 2 3 4 5 6 7
2 4 -1 4 -1 9 -1 #SUP: 8 #SID: 0 1 2 3 4 5 6 7
2 4 -1 4 -1 9 -1 4 -1 #SUP: 8 #SID: 0 1 2 3 4 5 6 7
2 4 -1 4 -1 9 -1 45 -1 #SUP: 8 #SID: 0 1 2 3 4 5 6 7
2 4 -1 4 -1 9 -1 45 -1 4 -1 #SUP: 8 #SID: 0 1 2 3 4 5 6 7
2 4 -1 4 -1 45 -1 #SUP: 8 #SID: 0 1 2 3 4 5 6 7
2 4 -1 4 -1 45 -1 4 -1 #SUP: 8 #SID: 0 1 2 3 4 5 6 7
2 4 -1 4 -1 45 -1 45 -1 #SUP: 8 #SID: 0 1 2 3 4 5 6 7
2 4 -1 4 -1 45 -1 45 -1 4 -1 #SUP: 8 #SID: 0 1 2 3 4 5 6 7
2 4 -1 4 9 -1 #SUP: 8 #SID: 0 1 2 3 4 5 6 7
2 4 -1 4 9 -1 4 -1 #SUP: 8 #SID: 0 1 2 3 4 5 6 7
2 4 -1 4 9 -1 45 -1 #SUP: 8 #SID: 0 1 2 3 4 5 6 7
2 4 -1 4 9 -1 45 -1 4 -1 #SUP: 8 #SID: 0 1 2 3 4 5 6 7
2 4 -1 4 9 -1 45 -1 45 -1 #SUP: 8 #SID: 0 1 2 3 4 5 6 7
2 4 -1 4 9 -1 45 -1 45 -1 4 -1 #SUP: 8 #SID: 0 1 2 3 4 5 6 7
2 4 -1 9 -1 4 -1 #SUP: 8 #SID: 0 1 2 3 4 5 6 7
2 4 -1 9 -1 45 -1 #SUP: 8 #SID: 0 1 2 3 4 5 6 7
2 4 -1 9 -1 45 -1 4 -1 #SUP: 8 #SID: 0 1 2 3 4 5 6 7
2 4 -1 9 -1 45 -1 45 -1 #SUP: 8 #SID: 0 1 2 3 4 5 6 7
2 4 -1 9 -1 45 -1 45 -1 4 -1 #SUP: 8 #SID: 0 1 2 3 4 5 6 7
2 4 -1 45 -1 4 -1 #SUP: 8 #SID: 0 1 2 3 4 5 6 7
2 4 -1 45 -1 45 -1 #SUP: 8 #SID: 0 1 2 3 4 5 6 7
2 4 -1 45 -1 45 -1 4 -1 #SUP: 8 #SID: 0 1 2 3 4 5 6 7
4 -1 4 -1 4 -1 9 -1 #SUP: 8 #SID: 0 1 2 3 4 5 6 7
4 -1 4 -1 4 9 -1 #SUP: 8 #SID: 0 1 2 3 4 5 6 7
4 -1 4 -1 9 -1 4 -1 #SUP: 8 #SID: 0 1 2 3 4 5 6 7
4 -1 4 -1 9 -1 45 -1 #SUP: 8 #SID: 0 1 2 3 4 5 6 7
4 -1 4 -1 9 -1 45 -1 4 -1 #SUP: 8 #SID: 0 1 2 3 4 5 6 7
4 -1 4 -1 45 -1 4 -1 #SUP: 8 #SID: 0 1 2 3 4 5 6 7
4 -1 4 -1 45 -1 45 -1 #SUP: 8 #SID: 0 1 2 3 4 5 6 7
4 -1 4 -1 45 -1 45 -1 4 -1 #SUP: 8 #SID: 0 1 2 3 4 5 6 7
4 -1 4 9 -1 4 -1 #SUP: 8 #SID: 0 1 2 3 4 5 6 7
4 -1 4 9 -1 45 -1 #SUP: 8 #SID: 0 1 2 3 4 5 6 7
4 -1 4 9 -1 45 -1 4 -1 #SUP: 8 #SID: 0 1 2 3 4 5 6 7
4 -1 4 9 -1 45 -1 45 -1 #SUP: 8 #SID: 0 1 2 3 4 5 6 7
4 -1 4 9 -1 45 -1 45 -1 4 -1 #SUP: 8 #SID: 0 1 2 3 4 5 6 7
4 -1 9 -1 45 -1 4 -1 #SUP: 8 #SID: 0 1 2 3 4 5 6 7
4 -1 9 -1 45 -1 45 -1 #SUP: 8 #SID: 0 1 2 3 4 5 6 7
4 -1 9 -1 45 -1 45 -1 4 -1 #SUP: 8 #SID: 0 1 2 3 4 5 6 7
4 -1 45 -1 45 -1 4 -1 #SUP: 8 #SID: 0 1 2 3 4 5 6 7
4 9 -1 45 -1 4 -1 #SUP: 8 #SID: 0 1 2 3 4 5 6 7
4 9 -1 45 -1 45 -1 #SUP: 8 #SID: 0 1 2 3 4 5 6 7
4 9 -1 45 -1 45 -1 4 -1 #SUP: 8 #SID: 0 1 2 3 4 5 6 7
9 -1 45 -1 45 -1 4 -1 #SUP: 8 #SID: 0 1 2 3 4 5 6 7
