1 -1 1 -1 1 -1 11 -1 #SUP: 9 #SID: 0 2 3 4 5 6 7 8 9
1 -1 1 -1 1 4 -1 #SUP: 9 #SID: 0 2 3 4 5 6 7 8 9
1 -1 1 -1 1 4 -1 11 -1 #SUP: 9 #SID: 0 2 3 4 5 6 7 8 9
1 -1 1 -1 1 4 11 -1 #SUP: 9 #SID: 0 2 3 4 5 6 7 8 9
1 -1 1 -1 1 11 -1 #SUP: 9 #SID: 0 2 3 4 5 6 7 8 9
1 -1 1 -1 1 56 -1 #SUP: 9 #SID: 0 2 3 4 5 6 7 8 9
1 -1 1 -1 1 56 -1 11 -1 #SUP: 9 #SID: 0 2 3 4 5 6 7 8 9
1 -1 1 -1 4 -1 11 -1 #SUP: 9 #SID: 0 2 3 4 5 6 7 8 9
1 -1 1 -1 4 11 -1 #SUP: 9 #SID: 0 2 3 4 5 6 7 8 9
1 -1 1 -1 56 -1 11 -1 #SUP: 9 #SID: 0 2 3 4 5 6 7 8 9
1 -1 1 4 -1 1 -1 #SUP: 9 #SID: 0 2 3 4 5 6 7 8 9
1 -1 1 4 -1 1 -1 11 -1 #SUP: 9 #SID: 0 2 3 4 5 6 7 8 9
1 -1 1 4 -1 1 4 -1 #SUP: 9 #SID: 0 2 3 4 5 6 7 8 9
1 -1 1 4 -1 1 4 -1 11 -1 #SUP: 9 #SID: 0 2 3 4 5 6 7 8 9
1 -1 1 4 -1 1 4 11 -1 #SUP: 9 #SID: 0 2 3 4 5 6 7 8 9
1 -1 1 4 -1 1 11 -1 #SUP: 9 #SID: 0 2 3 4 5 6 7 8 9
1 -1 1 4 -1 1 56 -1 #SUP: 9 #SID: 0 2 3 4 5 6 7 8 9
1 -1 1 4 -1 1 56 -1 11 -1 #SUP: 9 #SID: 0 2 3 4 5 6 7 8 9
1 -1 1 4 -1 4 -1 #SUP: 9 #SID: 0 2 3 4 5 6 7 8 9
1 -1 1 4 -1 4 -1 11 -1 #SUP: 9 #SID: 0 2 3 4 5 6 7 8 9
1 -1 1 4 -1 4 11 -1 #SUP: 9 #SID: 0 2 3 4 5 6 7 8 9
1 -1 1 4 -1 11 -1 #SUP: 9 #SID: 0 2 3 4 5 6 7 8 9
1 -1 1 4 -1 56 -1 #SUP: 9 #SID: 0 2 3 4 5 6 7 8 9
1 -1 1 4 -1 56 -1 11 -1 #SUP: 9 #SID: 0 2 3 4 5 6 7 8 9
1 -1 1 4 11 -1 #SUP: 9 #SID: 0 2 3 4 5 6 7 8 9
1 -1 1 56 -1 11 -1 #SUP: 9 #SID: 0 2 3 4 5 6 7 8 9
1 -1 4 -1 1 -1 11 -1 #SUP: 9 #SID: 0 2 3 4 5 6 7 8 9
1 -1 4 -1 1 4 -1 #SUP: 9 #SID: 0 2 3 4 5 6 7 8 9
1 -1 4 -1 1 4 -1 11 -1 #SUP: 9 #SID: 0 2 3 4 5 6 7 8 9
1 -1 4 -1 1 4 11 -1 #SUP: 9 #SID: 0 2 3 4 5 6 7 8 9
1 -1 4 -1 1 11 -1 #SUP: 9 #SID: 0 2 3 4 5 6 7 8 9
1 -1 4 -1 1 56 -1 #SUP: 9 #SID: 0 2 3 4 5 6 7 8 9
1 -1 4 -1 1 56 -1 11 -1 #SUP: 9 #SID: 0 2 3 4 5 6 7 8 9
1 -1 4 -1 4 -1 11 -1 #SUP: 9 #SID: 0 2 3 4 5 6 7 8 9
1 -1 4 -1 4 11 -1 #SUP: 9 #SID: 0 2 3 4 5 6 7 8 9
1 -1 4 -1 56 -1 11 -1 #SUP: 9 #SID: 0 2 3 4 5 6 7 8 9
1 -1 56 -1 1 -1 1 -1 #SUP: 9 #SID: 0 2 3 4 5 6 7 8 9
1 -1 56 -1 1 -1 1 -1 11 -1 #SUP: 9 #SID: 0 2 3 4 5 6 7 8 9
1 -1 56 -1 1 -1 1 4 -1 #SUP: 9 #SID: 0 2 3 4 5 6 7 8 9
1 -1 56 -1 1 -1 1 4 -1 11 -1 #SUP: 9 #SID: 0 2 3 4 5 6 7 8 9
1 -1 56 -1 1 -1 1 4 11 -1 #SUP: 9 #SID: 0 2 3 4 5 6 7 8 9
1 -1 56 -1 1 -1 1 11 -1 #SUP: 9 #SID: 0 2 3 4 5 6 7 8 9
1 -1 56 -1 1 -1 1 56 -1 #SUP: 9 #SID: 0 2 3 4 5 6 7 8 9
1 -1 56 -1 1 -1 1 56 -1 11 -1 #SUP: 9 #SID: 0 2 3 4 5 6 7 8 9
1 -1 56 -1 1 -1 4 -1 #SUP: 9 #SID: 0 2 3 4 5 6 7 8 9
1 -1 56 -1 1 -1 4 -1 11 -1 #SUP: 9 #SID: 0 2 3 4 5 6 7 8 9
1 -1 56 -1 1 -1 4 11 -1 #SUP: 9 #SID: 0 2 3 4 5 6 7 8 9
1 -1 56 -1 1 -1 11 -1 #SUP: 9 #SID: 0 2 3 4 5 6 7 8 9
1 -1 56 -1 1 -1 56 -1 #SUP: 9 #SID: 0 2 3 4 5 6 7 8 9
1 -1 56 -1 1 -1 56 -1 11 -1 #SUP: 9 #SID: 0 2 3 4 5 6 7 8 9
1 -1 56 -1 1 4 -1 #SUP: 9 #SID: 0 2 3 4 5 6 7 8 9
1 -1 56 -1 1 4 -1 1 -1 #SUP: 9 #SID: 0 2 3 4 5 6 7 8 9
1 -1 56 -1 1 4 -1 1 -1 11 -1 #SUP: 9 #SID: 0 2 3 4 5 6 7 8 9
1 -1 56 -1 1 4 -1 1 11 -1 #SUP: 9 #SID: 0 2 3 4 5 6 7 8 9
1 -1 56 -1 1 4 -1 1 56 -1 #SUP: 9 #SID: 0 2 3 4 5 6 7 8 9
1 -1 56 -1 1 4 -1 1 56 -1 11 -1 #SUP: 9 #SID: 0 2 3 4 5 6 7 8 9
1 -1 56 -1 1 4 -1 11 -1 #SUP: 9 #SID: 0 2 3 4 5 6 7 8 9
1 -1 56 -1 1 4 -1 56 -1 #SUP: 9 #SID: 0 2 3 4 5 6 7 8 9
1 -1 56 -1 1 4 -1 56 -1 11 -1 #SUP: 9 #SID: 0 2 3 4 5 6 7 8 9
1 -1 56 -1 1 4 11 -1 #SUP: 9 #SID: 0 2 3 4 5 6 7 8 9
1 -1 56 -1 1 11 -1 #SUP: 9 #SID: 0 2 3 4 5 6 7 8 9
1 -1 56 -1 1 56 -1 #SUP: 9 #SID: 0 2 3 4 5 6 7 8 9
1 -1 56 -1 1 56 -1 11 -1 #SUP: 9 #SID: 0 2 3 4 5 6 7 8 9
1 -1 56 -1 4 -1 1 -1 #SUP: 9 #SID: 0 2 3 4 5 6 7 8 9
1 -1 56 -1 4 -1 1 -1 11 -1 #SUP: 9 #SID: 0 2 3 4 5 6 7 8 9
1 -1 56 -1 4 -1 1 11 -1 #SUP: 9 #SID: 0 2 3 4 5 6 7 8 9
1 -1 56 -1 4 -1 1 56 -1 #SUP: 9 #SID: 0 2 3 4 5 6 7 8 9
1 -1 56 -1 4 -1 1 56 -1 11 -1 #SUP: 9 #SID: 0 2 3 4 5 6 7 8 9
1 -1 56 -1 4 -1 11 -1 #SUP: 9 #SID: 0 2 3 4 5 6 7 8 9
1 -1 56 -1 4 -1 56 -1 #SUP: 9 #SID: 0 2 3 4 5 6 7 8 9
1 -1 56 -1 4 -1 56 -1 11 -1 #SUP: 9 #SID: 0 2 3 4 5 6 7 8 9
1 -1 56 -1 4 11 -1 #SUP: 9 #SID: 0 2 3 4 5 6 7 8 9
1 -1 56 -1 56 -1 11 -1 #SUP: 9 #SID: 0 2 3 4 5 6 7 8 9
1 4 -1 1 -1 11 -1 #SUP: 9 #SID: 0 2 3 4 5 6 7 8 9
1 4 -1 1 4 -1 #SUP: 9 #SID: 0 2 3 4 5 6 7 8 9
1 4 -1 1 4 -1 11 -1 #SUP: 9 #SID: 0 2 3 4 5 6 7 8 9
1 4 -1 1 4 11 -1 #SUP: 9 #SID: 0 2 3 4 5 6 7 8 9
1 4 -1 1 11 -1 #SUP: 9 #SID: 0 2 3 4 5 6 7 8 9
1 4 -1 1 56 -1 #SUP: 9 #SID: 0 2 3 4 5 6 7 8 9
1 4 -1 1 56 -1 11 -1 #SUP: 9 #SID: 0 2 3 4 5 6 7 8 9
1 4 -1 4 -1 11 -1 #SUP: 9 #SID: 0 2 3 4 5 6 7 8 9
1 4 -1 4 11 -1 #SUP: 9 #SID: 0 2 3 4 5 6 7 8 9
1 4 -1 56 -1 11 -1 #SUP: 9 #SID: 0 2 3 4 5 6 7 8 9
4 -1 1 -1 1 -1 1 -1 #SUP: 9 #SID: 0 2 3 4 5 6 7 8 9
4 -1 1 -1 1 -1 1 -1 11 -1 #SUP: 9 #SID: 0 2 3 4 5 6 7 8 9
4 -1 1 -1 1 -1 1 4 -1 #SUP: 9 #SID: 0 2 3 4 5 6 7 8 9
4 -1 1 -1 1 -1 1 4 -1 11 -1 #SUP: 9 #SID: 0 2 3 4 5 6 7 8 9
4 -1 1 -1 1 -1 1 4 11 -1 #SUP: 9 #SID: 0 2 3 4 5 6 7 8 9
4 -1 1 -1 1 -1 1 11 -1 #SUP: 9 #SID: 0 2 3 4 5 6 7 8 9
4 -1 1 -1 1 -1 1 56 -1 #SUP: 9 #SID: 0 2 3 4 5 6 7 8 9
4 -1 1 -1 1 -1 1 56 -1 11 -1 #SUP: 9 #SID: 0 2 3 4 5 6 7 8 9
4 -1 1 -1 1 -1 4 -1 #SUP: 9 #SID: 0 2 3 4 5 6 7 8 9
4 -1 1 -1 1 -1 4 -1 11 -1 #SUP: 9 #SID: 0 2 3 4 5 6 7 8 9
4 -1 1 -1 1 -1 4 11 -1 #SUP: 9 #SID: 0 2 3 4 5 6 7 8 9
4 -1 1 -1 1 -1 11 -1 #SUP: 9 #SID: 0 2 3 4 5 6 7 8 9
4 -1 1 -1 1 -1 56 -1 #SUP: 9 #SID: 0 2 3 4 5 6 7 8 9
4 -1 1 -1 1 -1 56 -1 11 -1 #SUP: 9 #SID: 0 2 3 4 5 6 7 8 9
4 -1 1 -1 1 4 -1 #SUP: 9 #SID: 0 2 3 4 5 6 7 8 9
4 -1 1 -1 1 4 -1 1 -1 #SUP: 9 #SID: 0 2 3 4 5 6 7 8 9
4 -1 1 -1 1 4 -1 1 -1 11 -1 #SUP: 9 #SID: 0 2 3 4 5 6 7 8 9
4 -1 1 -1 1 4 -1 1 11 -1 #SUP: 9 #SID: 0 2 3 4 5 6 7 8 9
4 -1 1 -1 1 4 -1 1 56 -1 #SUP: 9 #SID: 0 2 3 4 5 6 7 8 9
4 -1 1 -1 1 4 -1 1 56 -1 11 -1 #SUP: 9 #SID: 0 2 3 4 5 6 7 8 9
4 -1 1 -1 1 4 -1 11 -1 #SUP: 9 #SID: 0 2 3 4 5 6 7 8 9
4 -1 1 -1 1 4 -1 56 -1 #SUP: 9 #SID: 0 2 3 4 5 6 7 8 9
4 -1 1 -1 1 4 -1 56 -1 11 -1 #SUP: 9 #SID: 0 2 3 4 5 6 7 8 9
4 -1 1 -1 1 4 11 -1 #SUP: 9 #SID: 0 2 3 4 5 6 7 8 9
4 -1 1 -1 1 11 -1 #SUP: 9 #SID: 0 2 3 4 5 6 7 8 9
4 -1 1 -1 1 56 -1 #SUP: 9 #SID: 0 2 3 4 5 6 7 8 9
4 -1 1 -1 1 56 -1 11 -1 #SUP: 9 #SID: 0 2 3 4 5 6 7 8 9
4 -1 1 -1 4 -1 1 -1 #SUP: 9 #SID: 0 2 3 4 5 6 7 8 9
4 -1 1 -1 4 -1 1 -1 11 -1 #SUP: 9 #SID: 0 2 3 4 5 6 7 8 9
4 -1 1 -1 4 -1 1 11 -1 #SUP: 9 #SID: 0 2 3 4 5 6 7 8 9
4 -1 1 -1 4 -1 1 56 -1 #SUP: 9 #SID: 0 2 3 4 5 6 7 8 9
4 -1 1 -1 4 -1 1 56 -1 11 -1 #SUP: 9 #SID: 0 2 3 4 5 6 7 8 9
4 -1 1 -1 4 -1 4 -1 #SUP: 9 #SID: 0 1 3 4 5 6 7 8 9
4 -1 1 -1 4 -1 11 -1 #SUP: 9 #SID: 0 2 3 4 5 6 7 8 9
4 -1 1 -1 4 -1 56 -1 #SUP: 9 #SID: 0 2 3 4 5 6 7 8 9
4 -1 1 -1 4 -1 56 -1 11 -1 #SUP: 9 #SID: 0 2 3 4 5 6 7 8 9
4 -1 1 -1 4 11 -1 #SUP: 9 #SID: 0 2 3 4 5 6 7 8 9
4 -1 1 -1 56 -1 1 -1 #SUP: 9 #SID: 0 2 3 4 5 6 7 8 9
4 -1 1 -1 56 -1 1 -1 1 -1 #SUP: 9 #SID: 0 2 3 4 5 6 7 8 9
4 -1 1 -1 56 -1 1 -1 1 -1 11 -1 #SUP: 9 #SID: 0 2 3 4 5 6 7 8 9
4 -1 1 -1 56 -1 1 -1 1 4 -1 #SUP: 9 #SID: 0 2 3 4 5 6 7 8 9
4 -1 1 -1 56 -1 1 -1 1 4 -1 11 -1 #SUP: 9 #SID: 0 2 3 4 5 6 7 8 9
4 -1 1 -1 56 -1 1 -1 1 4 11 -1 #SUP: 9 #SID: 0 2 3 4 5 6 7 8 9
4 -1 1 -1 56 -1 1 -1 1 11 -1 #SUP: 9 #SID: 0 2 3 4 5 6 7 8 9
4 -1 1 -1 56 -1 1 -1 1 56 -1 #SUP: 9 #SID: 0 2 3 4 5 6 7 8 9
4 -1 1 -1 56 -1 1 -1 1 56 -1 11 -1 #SUP: 9 #SID: 0 2 3 4 5 6 7 8 9
4 -1 1 -1 56 -1 1 -1 4 -1 #SUP: 9 #SID: 0 2 3 4 5 6 7 8 9
4 -1 1 -1 56 -1 1 -1 4 -1 11 -1 #SUP: 9 #SID: 0 2 3 4 5 6 7 8 9
4 -1 1 -1 56 -1 1 -1 4 11 -1 #SUP: 9 #SID: 0 2 3 4 5 6 7 8 9
4 -1 1 -1 56 -1 1 -1 11 -1 #SUP: 9 #SID: 0 2 3 4 5 6 7 8 9
4 -1 1 -1 56 -1 1 -1 56 -1 #SUP: 9 #SID: 0 2 3 4 5 6 7 8 9
4 -1 1 -1 56 -1 1 -1 56 -1 11 -1 #SUP: 9 #SID: 0 2 3 4 5 6 7 8 9
4 -1 1 -1 56 -1 1 4 -1 #SUP: 9 #SID: 0 2 3 4 5 6 7 8 9
4 -1 1 -1 56 -1 1 4 -1 1 -1 #SUP: 9 #SID: 0 2 3 4 5 6 7 8 9
4 -1 1 -1 56 -1 1 4 -1 1 -1 11 -1 #SUP: 9 #SID: 0 2 3 4 5 6 7 8 9
4 -1 1 -1 56 -1 1 4 -1 1 11 -1 #SUP: 9 #SID: 0 2 3 4 5 6 7 8 9
4 -1 1 -1 56 -1 1 4 -1 1 56 -1 #SUP: 9 #SID: 0 2 3 4 5 6 7 8 9
4 -1 1 -1 56 -1 1 4 -1 1 56 -1 11 -1 #SUP: 9 #SID: 0 2 3 4 5 6 7 8 9
4 -1 1 -1 56 -1 1 4 -1 11 -1 #SUP: 9 #SID: 0 2 3 4 5 6 7 8 9
4 -1 1 -1 56 -1 1 4 -1 56 -1 #SUP: 9 #SID: 0 2 3 4 5 6 7 8 9
4 -1 1 -1 56 -1 1 4 -1 56 -1 11 -1 #SUP: 9 #SID: 0 2 3 4 5 6 7 8 9
4 -1 1 -1 56 -1 1 4 11 -1 #SUP: 9 #SID: 0 2 3 4 5 6 7 8 9
4 -1 1 -1 56 -1 1 11 -1 #SUP: 9 #SID: 0 2 3 4 5 6 7 8 9
4 -1 1 -1 56 -1 1 56 -1 #SUP: 9 #SID: 0 2 3 4 5 6 7 8 9
4 -1 1 -1 56 -1 1 56 -1 11 -1 #SUP: 9 #SID: 0 2 3 4 5 6 7 8 9
4 -1 1 -1 56 -1 4 -1 #SUP: 9 #SID: 0 2 3 4 5 6 7 8 9
4 -1 1 -1 56 -1 4 -1 1 -1 #SUP: 9 #SID: 0 2 3 4 5 6 7 8 9
4 -1 1 -1 56 -1 4 -1 1 -1 11 -1 #SUP: 9 #SID: 0 2 3 4 5 6 7 8 9
4 -1 1 -1 56 -1 4 -1 1 11 -1 #SUP: 9 #SID: 0 2 3 4 5 6 7 8 9
4 -1 1 -1 56 -1 4 -1 1 56 -1 #SUP: 9 #SID: 0 2 3 4 5 6 7 8 9
4 -1 1 -1 56 -1 4 -1 1 56 -1 11 -1 #SUP: 9 #SID: 0 2 3 4 5 6 7 8 9
4 -1 1 -1 56 -1 4 -1 11 -1 #SUP: 9 #SID: 0 2 3 4 5 6 7 8 9
4 -1 1 -1 56 -1 4 -1 56 -1 #SUP: 9 #SID: 0 2 3 4 5 6 7 8 9
4 -1 1 -1 56 -1 4 -1 56 -1 11 -1 #SUP: 9 #SID: 0 2 3 4 5 6 7 8 9
4 -1 1 -1 56 -1 4 11 -1 #SUP: 9 #SID: 0 2 3 4 5 6 7 8 9
4 -1 1 -1 56 -1 11 -1 #SUP: 9 #SID: 0 2 3 4 5 6 7 8 9
4 -1 1 -1 56 -1 56 -1 #SUP: 9 #SID: 0 2 3 4 5 6 7 8 9
4 -1 1 -1 56 -1 56 -1 11 -1 #SUP: 9 #SID: 0 2 3 4 5 6 7 8 9
4 -1 1 4 -1 1 -1 #SUP: 9 #SID: 0 2 3 4 5 6 7 8 9
4 -1 1 4 -1 1 -1 11 -1 #SUP: 9 #SID: 0 2 3 4 5 6 7 8 9
4 -1 1 4 -1 1 4 -1 #SUP: 9 #SID: 0 2 3 4 5 6 7 8 9
4 -1 1 4 -1 1 4 -1 11 -1 #SUP: 9 #SID: 0 2 3 4 5 6 7 8 9
4 -1 1 4 -1 1 4 11 -1 #SUP: 9 #SID: 0 2 3 4 5 6 7 8 9
4 -1 1 4 -1 1 11 -1 #SUP: 9 #SID: 0 2 3 4 5 6 7 8 9
4 -1 1 4 -1 1 56 -1 #SUP: 9 #SID: 0 2 3 4 5 6 7 8 9
4 -1 1 4 -1 1 56 -1 11 -1 #SUP: 9 #SID: 0 2 3 4 5 6 7 8 9
4 -1 1 4 -1 4 -1 #SUP: 9 #SID: 0 2 3 4 5 6 7 8 9
4 -1 1 4 -1 4 -1 11 -1 #SUP: 9 #SID: 0 2 3 4 5 6 7 8 9
4 -1 1 4 -1 4 11 -1 #SUP: 9 #SID: 0 2 3 4 5 6 7 8 9
4 -1 1 4 -1 11 -1 #SUP: 9 #SID: 0 2 3 4 5 6 7 8 9
4 -1 1 4 -1 56 -1 #SUP: 9 #SID: 0 2 3 4 5 6 7 8 9
4 -1 1 4 -1 56 -1 11 -1 #SUP: 9 #SID: 0 2 3 4 5 6 7 8 9
4 -1 1 4 11 -1 #SUP: 9 #SID: 0 2 3 4 5 6 7 8 9
4 -1 1 56 -1 11 -1 #SUP: 9 #SID: 0 2 3 4 5 6 7 8 9
4 -1 4 -1 1 -1 11 -1 #SUP: 9 #SID: 0 2 3 4 5 6 7 8 9
4 -1 4 -1 1 4 -1 #SUP: 9 #SID: 0 2 3 4 5 6 7 8 9
4 -1 4 -1 1 4 -1 11 -1 #SUP: 9 #SID: 0 2 3 4 5 6 7 8 9
4 -1 4 -1 1 4 11 -1 #SUP: 9 #SID: 0 2 3 4 5 6 7 8 9
4 -1 4 -1 1 11 -1 #SUP: 9 #SID: 0 2 3 4 5 6 7 8 9
4 -1 4 -1 1 56 -1 #SUP: 9 #SID: 0 2 3 4 5 6 7 8 9
4 -1 4 -1 1 56 -1 11 -1 #SUP: 9 #SID: 0 2 3 4 5 6 7 8 9
4 -1 4 -1 4 -1 11 -1 #SUP: 9 #SID: 0 2 3 4 5 6 7 8 9
4 -1 4 -1 4 11 -1 #SUP: 9 #SID: 0 2 3 4 5 6 7 8 9
4 -1 4 -1 56 -1 11 -1 #SUP: 9 #SID: 0 2 3 4 5 6 7 8 9
4 -1 56 -1 1 -1 1 -1 #SUP: 9 #SID: 0 2 3 4 5 6 7 8 9
4 -1 56 -1 1 -1 1 -1 11 -1 #SUP: 9 #SID: 0 2 3 4 5 6 7 8 9
4 -1 56 -1 1 -1 1 4 -1 #SUP: 9 #SID: 0 2 3 4 5 6 7 8 9
4 -1 56 -1 1 -1 1 4 -1 11 -1 #SUP: 9 #SID: 0 2 3 4 5 6 7 8 9
4 -1 56 -1 1 -1 1 4 11 -1 #SUP: 9 #SID: 0 2 3 4 5 6 7 8 9
4 -1 56 -1 1 -1 1 11 -1 #SUP: 9 #SID: 0 2 3 4 5 6 7 8 9
4 -1 56 -1 1 -1 1 56 -1 #SUP: 9 #SID: 0 2 3 4 5 6 7 8 9
4 -1 56 -1 1 -1 1 56 -1 11 -1 #SUP: 9 #SID: 0 2 3 4 5 6 7 8 9
4 -1 56 -1 1 -1 4 -1 #SUP: 9 #SID: 0 2 3 4 5 6 7 8 9
4 -1 56 -1 1 -1 4 -1 11 -1 #SUP: 9 #SID: 0 2 3 4 5 6 7 8 9
4 -1 56 -1 1 -1 4 11 -1 #SUP: 9 #SID: 0 2 3 4 5 6 7 8 9
4 -1 56 -1 1 -1 11 -1 #SUP: 9 #SID: 0 2 3 4 5 6 7 8 9
4 -1 56 -1 1 -1 56 -1 #SUP: 9 #SID: 0 2 3 4 5 6 7 8 9
4 -1 56 -1 1 -1 56 -1 11 -1 #SUP: 9 #SID: 0 2 3 4 5 6 7 8 9
4 -1 56 -1 1 4 -1 #SUP: 9 #SID: 0 2 3 4 5 6 7 8 9
4 -1 56 -1 1 4 -1 1 -1 #SUP: 9 #SID: 0 2 3 4 5 6 7 8 9
4 -1 56 -1 1 4 -1 1 -1 11 -1 #SUP: 9 #SID: 0 2 3 4 5 6 7 8 9
4 -1 56 -1 1 4 -1 1 11 -1 #SUP: 9 #SID: 0 2 3 4 5 6 7 8 9
4 -1 56 -1 1 4 -1 1 56 -1 #SUP: 9 #SID: 0 2 3 4 5 6 7 8 9
4 -1 56 -1 1 4 -1 1 56 -1 11 -1 #SUP: 9 #SID: 0 2 3 4 5 6 7 8 9
4 -1 56 -1 1 4 -1 11 -1 #SUP: 9 #SID: 0 2 3 4 5 6 7 8 9
4 -1 56 -1 1 4 -1 56 -1 #SUP: 9 #SID: 0 2 3 4 5 6 7 8 9
4 -1 56 -1 1 4 -1 56 -1 11 -1 #SUP: 9 #SID: 0 2 3 4 5 6 7 8 9
4 -1 56 -1 1 4 11 -1 #SUP: 9 #SID: 0 2 3 4 5 6 7 8 9
4 -1 56 -1 1 11 -1 #SUP: 9 #SID: 0 2 3 4 5 6 7 8 9
4 -1 56 -1 1 56 -1 #SUP: 9 #SID: 0 2 3 4 5 6 7 8 9
4 -1 56 -1 1 56 -1 11 -1 #SUP: 9 #SID: 0 2 3 4 5 6 7 8 9
4 -1 56 -1 4 -1 1 -1 #SUP: 9 #SID: 0 2 3 4 5 6 7 8 9
4 -1 56 -1 4 -1 1 -1 11 -1 #SUP: 9 #SID: 0 2 3 4 5 6 7 8 9
4 -1 56 -1 4 -1 1 11 -1 #SUP: 9 #SID: 0 2 3 4 5 6 7 8 9
4 -1 56 -1 4 -1 1 56 -1 #SUP: 9 #SID: 0 2 3 4 5 6 7 8 9
4 -1 56 -1 4 -1 1 56 -1 11 -1 #SUP: 9 #SID: 0 2 3 4 5 6 7 8 9
4 -1 56 -1 4 -1 11 -1 #SUP: 9 #SID: 0 2 3 4 5 6 7 8 9
4 -1 56 -1 4 -1 56 -1 #SUP: 9 #SID: 0 2 3 4 5 6 7 8 9
4 -1 56 -1 4 -1 56 -1 11 -1 #SUP: 9 #SID: 0 2 3 4 5 6 7 8 9
4 -1 56 -1 4 11 -1 #SUP: 9 #SID: 0 2 3 4 5 6 7 8 9
4 -1 56 -1 56 -1 11 -1 #SUP: 9 #SID: 0 2 3 4 5 6 7 8 9
56 -1 1 -1 1 -1 11 -1 #SUP: 9 #SID: 0 2 3 4 5 6 7 8 9
56 -1 1 -1 1 4 -1 #SUP: 9 #SID: 0 2 3 4 5 6 7 8 9
56 -1 1 -1 1 4 -1 11 -1 #SUP: 9 #SID: 0 2 3 4 5 6 7 8 9
56 -1 1 -1 1 4 11 -1 #SUP: 9 #SID: 0 2 3 4 5 6 7 8 9
56 -1 1 -1 1 11 -1 #SUP: 9 #SID: 0 2 3 4 5 6 7 8 9
56 -1 1 -1 1 56 -1 #SUP: 9 #SID: 0 2 3 4 5 6 7 8 9
56 -1 1 -1 1 56 -1 11 -1 #SUP: 9 #SID: 0 2 3 4 5 6 7 8 9
56 -1 1 -1 4 -1 11 -1 #SUP: 9 #SID: 0 2 3 4 5 6 7 8 9
56 -1 1 -1 4 11 -1 #SUP: 9 #SID: 0 2 3 4 5 6 7 8 9
56 -1 1 -1 56 -1 11 -1 #SUP: 9 #SID: 0 2 3 4 5 6 7 8 9
56 -1 1 4 -1 1 -1 #SUP: 9 #SID: 0 2 3 4 5 6 7 8 9
56 -1 1 4 -1 1 -1 11 -1 #SUP: 9 #SID: 0 2 3 4 5 6 7 8 9
56 -1 1 4 -1 1 11 -1 #SUP: 9 #SID: 0 2 3 4 5 6 7 8 9
56 -1 1 4 -1 1 56 -1 #SUP: 9 #SID: 0 2 3 4 5 6 7 8 9
56 -1 1 4 -1 1 56 -1 11 -1 #SUP: 9 #SID: 0 2 3 4 5 6 7 8 9
56 -1 1 4 -1 11 -1 #SUP: 9 #SID: 0 2 3 4 5 6 7 8 9
56 -1 1 4 -1 56 -1 #SUP: 9 #SID: 0 2 3 4 5 6 7 8 9
56 -1 1 4 -1 56 -1 11 -1 #SUP: 9 #SID: 0 2 3 4 5 6 7 8 9
56 -1 1 4 11 -1 #SUP: 9 #SID: 0 2 3 4 5 6 7 8 9
56 -1 1 56 -1 11 -1 #SUP: 9 #SID: 0 2 3 4 5 6 7 8 9
56 -1 4 -1 1 -1 11 -1 #SUP: 9 #SID: 0 2 3 4 5 6 7 8 9
56 -1 4 -1 1 11 -1 #SUP: 10 #SID: 0 1 2 3 4 5 6 7 8 9
56 -1 4 -1 1 56 -1 #SUP: 9 #SID: 0 2 3 4 5 6 7 8 9
56 -1 4 -1 1 56 -1 11 -1 #SUP: 9 #SID: 0 2 3 4 5 6 7 8 9
56 -1 4 -1 56 -1 11 -1 #SUP: 9 #SID: 0 2 3 4 5 6 7 8 9
