1 -1 #SUP: 9 #SID: 0 1 2 3 4 5 6 7 8
4 -1 #SUP: 8 #SID: 0 1 3 4 5 6 7 8
14 -1 #SUP: 8 #SID: 0 1 2 4 5 6 7 8
16 -1 #SUP: 7 #SID: 0 1 3 4 5 7 8
45 -1 #SUP: 7 #SID: 0 3 4 5 6 7 8
49 -1 #SUP: 7 #SID: 0 1 2 4 5 6 8
56 -1 #SUP: 9 #SID: 0 1 2 3 4 5 6 7 8
1 -1 1 -1 #SUP: 9 #SID: 0 1 2 3 4 5 6 7 8
1 -1 1 -1 1 -1 #SUP: 8 #SID: 0 1 2 4 5 6 7 8
1 -1 1 -1 1 -1 1 -1 #SUP: 7 #SID: 0 1 4 5 6 7 8
1 -1 1 -1 1 4 -1 #SUP: 7 #SID: 0 1 4 5 6 7 8
1 -1 1 -1 1 4 -1 1 -1 #SUP: 7 #SID: 0 1 4 5 6 7 8
1 -1 1 -1 1 14 -1 #SUP: 7 #SID: 0 1 4 5 6 7 8
1 -1 1 -1 1 14 -1 1 -1 #SUP: 7 #SID: 0 1 4 5 6 7 8
1 -1 1 -1 4 -1 #SUP: 7 #SID: 0 1 4 5 6 7 8
1 -1 1 -1 4 -1 1 -1 #SUP: 7 #SID: 0 1 4 5 6 7 8
1 -1 1 -1 14 -1 #SUP: 7 #SID: 0 1 4 5 6 7 8
1 -1 1 -1 14 -1 1 -1 #SUP: 7 #SID: 0 1 4 5 6 7 8
1 -1 1 4 -1 #SUP: 8 #SID: 0 1 3 4 5 6 7 8
1 -1 1 4 -1 1 -1 #SUP: 7 #SID: 0 1 4 5 6 7 8
1 -1 1 4 56 -1 #SUP: 7 #SID: 0 3 4 5 6 7 8
1 -1 1 14 -1 #SUP: 7 #SID: 0 1 4 5 6 7 8
1 -1 1 14 -1 1 -1 #SUP: 7 #SID: 0 1 4 5 6 7 8
1 -1 1 45 -1 #SUP: 7 #SID: 0 3 4 5 6 7 8
1 -1 1 56 -1 #SUP: 7 #SID: 0 3 4 5 6 7 8
1 -1 4 -1 #SUP: 8 #SID: 0 1 3 4 5 6 7 8
1 -1 4 -1 1 -1 #SUP: 7 #SID: 0 1 4 5 6 7 8
1 -1 4 56 -1 #SUP: 7 #SID: 0 3 4 5 6 7 8
1 -1 14 -1 #SUP: 7 #SID: 0 1 4 5 6 7 8
1 -1 14 -1 1 -1 #SUP: 7 #SID: 0 1 4 5 6 7 8
1 -1 45 -1 #SUP: 7 #SID: 0 3 4 5 6 7 8
1 -1 56 -1 #SUP: 7 #SID: 0 3 4 5 6 7 8
1 -1 56 -1 1 -1 #SUP: 7 #SID: 0 3 4 5 6 7 8
1 -1 56 -1 1 4 -1 #SUP: 7 #SID: 0 3 4 5 6 7 8
1 -1 56 -1 1 45 -1 #SUP: 7 #SID: 0 3 4 5 6 7 8
1 -1 56 -1 1 56 -1 #SUP: 7 #SID: 0 3 4 5 6 7 8
1 -1 56 -1 4 -1 #SUP: 7 #SID: 0 3 4 5 6 7 8
1 -1 56 -1 4 56 -1 #SUP: 7 #SID: 0 3 4 5 6 7 8
1 -1 56 -1 45 -1 #SUP: 7 #SID: 0 3 4 5 6 7 8
1 -1 56 -1 56 -1 #SUP: 7 #SID: 0 3 4 5 6 7 8
1 4 -1 #SUP: 8 #SID: 0 1 3 4 5 6 7 8
1 4 -1 1 -1 #SUP: 8 #SID: 0 1 3 4 5 6 7 8
1 4 -1 1 4 -1 #SUP: 7 #SID: 0 3 4 5 6 7 8
1 4 -1 1 45 -1 #SUP: 7 #SID: 0 3 4 5 6 7 8
1 4 -1 1 56 -1 #SUP: 7 #SID: 0 3 4 5 6 7 8
1 4 -1 4 -1 #SUP: 7 #SID: 0 3 4 5 6 7 8
1 4 -1 4 56 -1 #SUP: 7 #SID: 0 3 4 5 6 7 8
1 4 -1 45 -1 #SUP: 7 #SID: 0 3 4 5 6 7 8
1 4 -1 56 -1 #SUP: 7 #SID: 0 3 4 5 6 7 8
1 4 -1 56 -1 1 -1 #SUP: 7 #SID: 0 3 4 5 6 7 8
1 4 -1 56 -1 1 4 -1 #SUP: 7 #SID: 0 3 4 5 6 7 8
1 4 -1 56 -1 1 45 -1 #SUP: 7 #SID: 0 3 4 5 6 7 8
1 4 -1 56 -1 1 56 -1 #SUP: 7 #SID: 0 3 4 5 6 7 8
1 4 -1 56 -1 4 -1 #SUP: 7 #SID: 0 3 4 5 6 7 8
1 4 -1 56 -1 4 56 -1 #SUP: 7 #SID: 0 3 4 5 6 7 8
1 4 -1 56 -1 45 -1 #SUP: 7 #SID: 0 3 4 5 6 7 8
1 4 -1 56 -1 56 -1 #SUP: 7 #SID: 0 3 4 5 6 7 8
1 4 14 -1 #SUP: 7 #SID: 0 1 4 5 6 7 8
1 4 14 -1 1 -1 #SUP: 7 #SID: 0 1 4 5 6 7 8
1 4 56 -1 #SUP: 7 #SID: 0 3 4 5 6 7 8
1 4 56 -1 1 -1 #SUP: 7 #SID: 0 3 4 5 6 7 8
1 4 56 -1 1 4 -1 #SUP: 7 #SID: 0 3 4 5 6 7 8
1 4 56 -1 1 56 -1 #SUP: 7 #SID: 0 3 4 5 6 7 8
1 4 56 -1 4 -1 #SUP: 7 #SID: 0 3 4 5 6 7 8
1 4 56 -1 4 56 -1 #SUP: 7 #SID: 0 3 4 5 6 7 8
1 4 56 -1 45 -1 #SUP: 7 #SID: 0 3 4 5 6 7 8
1 4 56 -1 56 -1 #SUP: 7 #SID: 0 3 4 5 6 7 8
1 4 56 -1 56 -1 1 -1 #SUP: 7 #SID: 0 3 4 5 6 7 8
1 4 56 -1 56 -1 1 56 -1 #SUP: 7 #SID: 0 3 4 5 6 7 8
1 4 56 -1 56 -1 45 -1 #SUP: 7 #SID: 0 3 4 5 6 7 8
1 4 56 -1 56 -1 56 -1 #SUP: 7 #SID: 0 3 4 5 6 7 8
1 14 -1 #SUP: 8 #SID: 0 1 2 4 5 6 7 8
1 14 -1 1 -1 #SUP: 8 #SID: 0 1 2 4 5 6 7 8
1 14 -1 1 -1 1 -1 #SUP: 7 #SID: 0 2 4 5 6 7 8
1 16 -1 #SUP: 7 #SID: 0 1 3 4 5 7 8
1 16 -1 1 -1 #SUP: 7 #SID: 0 1 3 4 5 7 8
1 16 -1 1 4 -1 #SUP: 7 #SID: 0 1 3 4 5 7 8
1 16 -1 4 -1 #SUP: 7 #SID: 0 1 3 4 5 7 8
1 45 -1 #SUP: 7 #SID: 0 3 4 5 6 7 8
1 56 -1 #SUP: 8 #SID: 0 2 3 4 5 6 7 8
1 56 -1 1 -1 #SUP: 8 #SID: 0 2 3 4 5 6 7 8
1 56 -1 1 -1 1 -1 #SUP: 7 #SID: 0 2 4 5 6 7 8
1 56 -1 1 4 -1 #SUP: 7 #SID: 0 3 4 5 6 7 8
1 56 -1 1 45 -1 #SUP: 7 #SID: 0 3 4 5 6 7 8
1 56 -1 1 56 -1 #SUP: 7 #SID: 0 3 4 5 6 7 8
1 56 -1 4 -1 #SUP: 7 #SID: 0 3 4 5 6 7 8
1 56 -1 4 56 -1 #SUP: 7 #SID: 0 3 4 5 6 7 8
1 56 -1 45 -1 #SUP: 7 #SID: 0 3 4 5 6 7 8
1 56 -1 56 -1 #SUP: 7 #SID: 0 3 4 5 6 7 8
1 56 -1 56 -1 1 -1 #SUP: 7 #SID: 0 3 4 5 6 7 8
1 56 -1 56 -1 1 56 -1 #SUP: 7 #SID: 0 3 4 5 6 7 8
1 56 -1 56 -1 45 -1 #SUP: 7 #SID: 0 3 4 5 6 7 8
1 56 -1 56 -1 56 -1 #SUP: 7 #SID: 0 3 4 5 6 7 8
4 -1 1 -1 #SUP: 8 #SID: 0 1 3 4 5 6 7 8
4 -1 1 -1 1 -1 #SUP: 7 #SID: 0 3 4 5 6 7 8
4 -1 1 -1 1 4 -1 #SUP: 7 #SID: 0 3 4 5 6 7 8
4 -1 1 -1 1 45 -1 #SUP: 7 #SID: 0 3 4 5 6 7 8
4 -1 1 -1 1 56 -1 #SUP: 7 #SID: 0 3 4 5 6 7 8
4 -1 1 -1 4 -1 #SUP: 7 #SID: 0 3 4 5 6 7 8
4 -1 1 -1 4 56 -1 #SUP: 7 #SID: 0 3 4 5 6 7 8
4 -1 1 -1 45 -1 #SUP: 7 #SID: 0 3 4 5 6 7 8
4 -1 1 -1 56 -1 #SUP: 7 #SID: 0 3 4 5 6 7 8
4 -1 1 -1 56 -1 1 -1 #SUP: 7 #SID: 0 3 4 5 6 7 8
4 -1 1 -1 56 -1 1 4 -1 #SUP: 7 #SID: 0 3 4 5 6 7 8
4 -1 1 -1 56 -1 1 56 -1 #SUP: 7 #SID: 0 3 4 5 6 7 8
4 -1 1 -1 56 -1 4 -1 #SUP: 7 #SID: 0 3 4 5 6 7 8
4 -1 1 -1 56 -1 4 56 -1 #SUP: 7 #SID: 0 3 4 5 6 7 8
4 -1 1 -1 56 -1 45 -1 #SUP: 7 #SID: 0 3 4 5 6 7 8
4 -1 1 -1 56 -1 56 -1 #SUP: 7 #SID: 0 3 4 5 6 7 8
4 -1 1 4 -1 #SUP: 7 #SID: 0 3 4 5 6 7 8
4 -1 1 4 -1 1 -1 #SUP: 7 #SID: 0 3 4 5 6 7 8
4 -1 1 4 -1 1 4 -1 #SUP: 7 #SID: 0 3 4 5 6 7 8
4 -1 1 4 -1 4 -1 #SUP: 7 #SID: 0 3 4 5 6 7 8
4 -1 1 4 -1 4 56 -1 #SUP: 7 #SID: 0 3 4 5 6 7 8
4 -1 1 4 -1 45 -1 #SUP: 7 #SID: 0 3 4 5 6 7 8
4 -1 1 4 -1 56 -1 #SUP: 7 #SID: 0 3 4 5 6 7 8
4 -1 1 4 -1 56 -1 1 -1 #SUP: 7 #SID: 0 3 4 5 6 7 8
4 -1 1 4 -1 56 -1 1 4 -1 #SUP: 7 #SID: 0 3 4 5 6 7 8
4 -1 1 4 -1 56 -1 4 -1 #SUP: 7 #SID: 0 3 4 5 6 7 8
4 -1 1 4 -1 56 -1 4 56 -1 #SUP: 7 #SID: 0 3 4 5 6 7 8
4 -1 1 4 -1 56 -1 45 -1 #SUP: 7 #SID: 0 3 4 5 6 7 8
4 -1 1 4 -1 56 -1 56 -1 #SUP: 7 #SID: 0 3 4 5 6 7 8
4 -1 1 16 -1 #SUP: 7 #SID: 0 1 3 4 5 7 8
4 -1 1 45 -1 #SUP: 7 #SID: 0 3 4 5 6 7 8
4 -1 1 56 -1 #SUP: 7 #SID: 0 3 4 5 6 7 8
4 -1 1 56 -1 1 -1 #SUP: 7 #SID: 0 3 4 5 6 7 8
4 -1 1 56 -1 1 4 -1 #SUP: 7 #SID: 0 3 4 5 6 7 8
4 -1 1 56 -1 1 45 -1 #SUP: 7 #SID: 0 3 4 5 6 7 8
4 -1 1 56 -1 1 56 -1 #SUP: 7 #SID: 0 3 4 5 6 7 8
4 -1 1 56 -1 4 -1 #SUP: 7 #SID: 0 3 4 5 6 7 8
4 -1 1 56 -1 4 56 -1 #SUP: 7 #SID: 0 3 4 5 6 7 8
4 -1 1 56 -1 45 -1 #SUP: 7 #SID: 0 3 4 5 6 7 8
4 -1 1 56 -1 56 -1 #SUP: 7 #SID: 0 3 4 5 6 7 8
4 -1 1 56 -1 56 -1 1 -1 #SUP: 7 #SID: 0 3 4 5 6 7 8
4 -1 1 56 -1 56 -1 1 56 -1 #SUP: 7 #SID: 0 3 4 5 6 7 8
4 -1 1 56 -1 56 -1 45 -1 #SUP: 7 #SID: 0 3 4 5 6 7 8
4 -1 1 56 -1 56 -1 56 -1 #SUP: 7 #SID: 0 3 4 5 6 7 8
4 -1 4 -1 #SUP: 7 #SID: 0 3 4 5 6 7 8
4 -1 4 -1 1 -1 #SUP: 7 #SID: 0 3 4 5 6 7 8
4 -1 4 -1 1 4 -1 #SUP: 7 #SID: 0 3 4 5 6 7 8
4 -1 4 -1 1 45 -1 #SUP: 7 #SID: 0 3 4 5 6 7 8
4 -1 4 -1 1 56 -1 #SUP: 7 #SID: 0 3 4 5 6 7 8
4 -1 4 -1 4 -1 #SUP: 7 #SID: 0 3 4 5 6 7 8
4 -1 4 -1 4 56 -1 #SUP: 7 #SID: 0 3 4 5 6 7 8
4 -1 4 -1 45 -1 #SUP: 7 #SID: 0 3 4 5 6 7 8
4 -1 4 -1 56 -1 #SUP: 7 #SID: 0 3 4 5 6 7 8
4 -1 4 -1 56 -1 1 -1 #SUP: 7 #SID: 0 3 4 5 6 7 8
4 -1 4 -1 56 -1 1 4 -1 #SUP: 7 #SID: 0 3 4 5 6 7 8
4 -1 4 -1 56 -1 1 45 -1 #SUP: 7 #SID: 0 3 4 5 6 7 8
4 -1 4 -1 56 -1 1 56 -1 #SUP: 7 #SID: 0 3 4 5 6 7 8
4 -1 4 -1 56 -1 4 -1 #SUP: 7 #SID: 0 3 4 5 6 7 8
4 -1 4 -1 56 -1 4 56 -1 #SUP: 7 #SID: 0 3 4 5 6 7 8
4 -1 4 -1 56 -1 45 -1 #SUP: 7 #SID: 0 3 4 5 6 7 8
4 -1 4 -1 56 -1 56 -1 #SUP: 7 #SID: 0 3 4 5 6 7 8
4 -1 4 56 -1 #SUP: 7 #SID: 0 3 4 5 6 7 8
4 -1 4 56 -1 1 -1 #SUP: 7 #SID: 0 3 4 5 6 7 8
4 -1 4 56 -1 1 4 -1 #SUP: 7 #SID: 0 3 4 5 6 7 8
4 -1 4 56 -1 4 -1 #SUP: 7 #SID: 0 3 4 5 6 7 8
4 -1 4 56 -1 4 56 -1 #SUP: 7 #SID: 0 3 4 5 6 7 8
4 -1 4 56 -1 45 -1 #SUP: 7 #SID: 0 3 4 5 6 7 8
4 -1 4 56 -1 56 -1 #SUP: 7 #SID: 0 3 4 5 6 7 8
4 -1 4 56 -1 56 -1 1 -1 #SUP: 7 #SID: 0 3 4 5 6 7 8
4 -1 4 56 -1 56 -1 45 -1 #SUP: 7 #SID: 0 3 4 5 6 7 8
4 -1 4 56 -1 56 -1 56 -1 #SUP: 7 #SID: 0 3 4 5 6 7 8
4 -1 16 -1 #SUP: 7 #SID: 0 1 3 4 5 7 8
4 -1 45 -1 #SUP: 7 #SID: 0 3 4 5 6 7 8
4 -1 56 -1 #SUP: 7 #SID: 0 3 4 5 6 7 8
4 -1 56 -1 1 -1 #SUP: 7 #SID: 0 3 4 5 6 7 8
4 -1 56 -1 1 4 -1 #SUP: 7 #SID: 0 3 4 5 6 7 8
4 -1 56 -1 1 45 -1 #SUP: 7 #SID: 0 3 4 5 6 7 8
4 -1 56 -1 1 56 -1 #SUP: 7 #SID: 0 3 4 5 6 7 8
4 -1 56 -1 4 -1 #SUP: 7 #SID: 0 3 4 5 6 7 8
4 -1 56 -1 4 56 -1 #SUP: 7 #SID: 0 3 4 5 6 7 8
4 -1 56 -1 45 -1 #SUP: 7 #SID: 0 3 4 5 6 7 8
4 -1 56 -1 56 -1 #SUP: 7 #SID: 0 3 4 5 6 7 8
4 -1 56 -1 56 -1 1 -1 #SUP: 7 #SID: 0 3 4 5 6 7 8
4 -1 56 -1 56 -1 1 56 -1 #SUP: 7 #SID: 0 3 4 5 6 7 8
4 -1 56 -1 56 -1 45 -1 #SUP: 7 #SID: 0 3 4 5 6 7 8
4 -1 56 -1 56 -1 56 -1 #SUP: 7 #SID: 0 3 4 5 6 7 8
4 14 -1 #SUP: 7 #SID: 0 1 4 5 6 7 8
4 14 -1 1 -1 #SUP: 7 #SID: 0 1 4 5 6 7 8
4 56 -1 #SUP: 7 #SID: 0 3 4 5 6 7 8
4 56 -1 1 -1 #SUP: 7 #SID: 0 3 4 5 6 7 8
4 56 -1 1 4 -1 #SUP: 7 #SID: 0 3 4 5 6 7 8
4 56 -1 1 56 -1 #SUP: 7 #SID: 0 3 4 5 6 7 8
4 56 -1 4 -1 #SUP: 7 #SID: 0 3 4 5 6 7 8
4 56 -1 4 56 -1 #SUP: 7 #SID: 0 3 4 5 6 7 8
4 56 -1 45 -1 #SUP: 7 #SID: 0 3 4 5 6 7 8
4 56 -1 56 -1 #SUP: 7 #SID: 0 3 4 5 6 7 8
4 56 -1 56 -1 1 -1 #SUP: 7 #SID: 0 3 4 5 6 7 8
4 56 -1 56 -1 1 56 -1 #SUP: 7 #SID: 0 3 4 5 6 7 8
4 56 -1 56 -1 45 -1 #SUP: 7 #SID: 0 3 4 5 6 7 8
4 56 -1 56 -1 56 -1 #SUP: 7 #SID: 0 3 4 5 6 7 8
14 -1 1 -1 #SUP: 8 #SID: 0 1 2 4 5 6 7 8
14 -1 1 -1 1 -1 #SUP: 7 #SID: 0 2 4 5 6 7 8
14 56 -1 #SUP: 7 #SID: 0 2 4 5 6 7 8
16 -1 1 -1 #SUP: 7 #SID: 0 1 3 4 5 7 8
16 -1 1 4 -1 #SUP: 7 #SID: 0 1 3 4 5 7 8
16 -1 4 -1 #SUP: 7 #SID: 0 1 3 4 5 7 8
49 -1 1 -1 #SUP: 7 #SID: 0 1 2 4 5 6 8
56 -1 1 -1 #SUP: 9 #SID: 0 1 2 3 4 5 6 7 8
56 -1 1 -1 1 -1 #SUP: 8 #SID: 0 1 2 4 5 6 7 8
56 -1 1 -1 1 -1 1 -1 #SUP: 7 #SID: 0 1 4 5 6 7 8
56 -1 1 -1 1 -1 1 -1 1 -1 #SUP: 7 #SID: 0 1 4 5 6 7 8
56 -1 1 -1 1 -1 1 4 -1 #SUP: 7 #SID: 0 1 4 5 6 7 8
56 -1 1 -1 1 -1 1 4 -1 1 -1 #SUP: 7 #SID: 0 1 4 5 6 7 8
56 -1 1 -1 1 -1 1 14 -1 #SUP: 7 #SID: 0 1 4 5 6 7 8
56 -1 1 -1 1 -1 1 14 -1 1 -1 #SUP: 7 #SID: 0 1 4 5 6 7 8
56 -1 1 -1 1 -1 4 -1 #SUP: 7 #SID: 0 1 4 5 6 7 8
56 -1 1 -1 1 -1 4 -1 1 -1 #SUP: 7 #SID: 0 1 4 5 6 7 8
56 -1 1 -1 1 -1 14 -1 #SUP: 7 #SID: 0 1 4 5 6 7 8
56 -1 1 -1 1 -1 14 -1 1 -1 #SUP: 7 #SID: 0 1 4 5 6 7 8
56 -1 1 -1 1 4 -1 #SUP: 7 #SID: 0 1 4 5 6 7 8
56 -1 1 -1 1 4 -1 1 -1 #SUP: 7 #SID: 0 1 4 5 6 7 8
56 -1 1 -1 1 14 -1 #SUP: 7 #SID: 0 1 4 5 6 7 8
56 -1 1 -1 1 14 -1 1 -1 #SUP: 7 #SID: 0 1 4 5 6 7 8
56 -1 1 -1 4 -1 #SUP: 7 #SID: 0 1 4 5 6 7 8
56 -1 1 -1 4 -1 1 -1 #SUP: 7 #SID: 0 1 4 5 6 7 8
56 -1 1 -1 14 -1 #SUP: 7 #SID: 0 1 4 5 6 7 8
56 -1 1 -1 14 -1 1 -1 #SUP: 7 #SID: 0 1 4 5 6 7 8
56 -1 1 4 -1 #SUP: 8 #SID: 0 1 3 4 5 6 7 8
56 -1 1 4 -1 1 -1 #SUP: 7 #SID: 0 1 4 5 6 7 8
56 -1 1 14 -1 #SUP: 7 #SID: 0 1 4 5 6 7 8
56 -1 1 14 -1 1 -1 #SUP: 7 #SID: 0 1 4 5 6 7 8
56 -1 1 45 -1 #SUP: 7 #SID: 0 3 4 5 6 7 8
56 -1 1 56 -1 #SUP: 7 #SID: 0 3 4 5 6 7 8
56 -1 4 -1 #SUP: 8 #SID: 0 1 3 4 5 6 7 8
56 -1 4 -1 1 -1 #SUP: 7 #SID: 0 1 4 5 6 7 8
56 -1 4 56 -1 #SUP: 7 #SID: 0 3 4 5 6 7 8
56 -1 14 -1 #SUP: 7 #SID: 0 1 4 5 6 7 8
56 -1 14 -1 1 -1 #SUP: 7 #SID: 0 1 4 5 6 7 8
56 -1 45 -1 #SUP: 7 #SID: 0 3 4 5 6 7 8
56 -1 56 -1 #SUP: 7 #SID: 0 3 4 5 6 7 8
56 -1 56 -1 1 -1 #SUP: 7 #SID: 0 3 4 5 6 7 8
56 -1 56 -1 1 56 -1 #SUP: 7 #SID: 0 3 4 5 6 7 8
56 -1 56 -1 45 -1 #SUP: 7 #SID: 0 3 4 5 6 7 8
56 -1 56 -1 56 -1 #SUP: 7 #SID: 0 3 4 5 6 7 8
