1 -1 #SUP: 7 #SID: 0 1 2 3 4 5 6
4 -1 #SUP: 7 #SID: 0 1 2 3 4 5 6
11 -1 #SUP: 7 #SID: 0 1 2 3 4 5 6
684 -1 #SUP: 7 #SID: 0 1 2 3 4 5 6
45 -1 #SUP: 7 #SID: 0 1 2 3 4 5 6
56 -1 #SUP: 7 #SID: 0 1 2 3 4 5 6
1 -1 1 -1 #SUP: 7 #SID: 0 1 2 3 4 5 6
1 -1 1 -1 1 -1 #SUP: 7 #SID: 0 1 2 3 4 5 6
1 -1 1 4 -1 #SUP: 7 #SID: 0 1 2 3 4 5 6
1 -1 1 4 -1 1 -1 #SUP: 7 #SID: 0 1 2 3 4 5 6
1 -1 1 4 56 -1 #SUP: 7 #SID: 0 1 2 3 4 5 6
1 -1 1 4 56 -1 1 -1 #SUP: 7 #SID: 0 1 2 3 4 5 6
1 -1 1 56 -1 #SUP: 7 #SID: 0 1 2 3 4 5 6
1 -1 1 56 -1 1 -1 #SUP: 7 #SID: 0 1 2 3 4 5 6
1 -1 4 -1 #SUP: 7 #SID: 0 1 2 3 4 5 6
1 -1 4 -1 1 -1 #SUP: 7 #SID: 0 1 2 3 4 5 6
1 -1 4 -1 1 -1 1 -1 #SUP: 7 #SID: 0 1 2 3 4 5 6
1 -1 4 -1 1 4 -1 #SUP: 7 #SID: 0 1 2 3 4 5 6
1 -1 4 -1 1 4 56 -1 #SUP: 7 #SID: 0 1 2 3 4 5 6
1 -1 4 -1 1 56 -1 #SUP: 7 #SID: 0 1 2 3 4 5 6
1 -1 4 -1 1 56 -1 1 -1 #SUP: 7 #SID: 0 1 2 3 4 5 6
1 -1 4 -1 4 -1 #SUP: 7 #SID: 0 1 2 3 4 5 6
1 -1 4 -1 4 -1 1 -1 #SUP: 7 #SID: 0 1 2 3 4 5 6
1 -1 4 -1 4 56 -1 #SUP: 7 #SID: 0 1 2 3 4 5 6
1 -1 4 -1 4 56 -1 1 -1 #SUP: 7 #SID: 0 1 2 3 4 5 6
1 -1 4 -1 56 -1 #SUP: 7 #SID: 0 1 2 3 4 5 6
1 -1 4 -1 56 -1 1 -1 #SUP: 7 #SID: 0 1 2 3 4 5 6
1 -1 4 56 -1 #SUP: 7 #SID: 0 1 2 3 4 5 6
1 -1 4 56 -1 1 -1 #SUP: 7 #SID: 0 1 2 3 4 5 6
1 -1 684 -1 #SUP: 7 #SID: 0 1 2 3 4 5 6
1 -1 684 -1 1 -1 #SUP: 7 #SID: 0 1 2 3 4 5 6
1 -1 45 -1 #SUP: 7 #SID: 0 1 2 3 4 5 6
1 -1 45 -1 1 -1 #SUP: 7 #SID: 0 1 2 3 4 5 6
1 -1 45 -1 1 -1 1 -1 #SUP: 7 #SID: 0 1 2 3 4 5 6
1 -1 45 -1 1 4 -1 #SUP: 7 #SID: 0 1 2 3 4 5 6
1 -1 45 -1 4 -1 #SUP: 7 #SID: 0 1 2 3 4 5 6
1 -1 56 -1 #SUP: 7 #SID: 0 1 2 3 4 5 6
1 -1 56 -1 1 -1 #SUP: 7 #SID: 0 1 2 3 4 5 6
1 -1 56 684 -1 #SUP: 7 #SID: 0 1 2 3 4 5 6
1 -1 56 684 -1 1 -1 #SUP: 7 #SID: 0 1 2 3 4 5 6
1 4 -1 #SUP: 7 #SID: 0 1 2 3 4 5 6
1 4 -1 1 -1 #SUP: 7 #SID: 0 1 2 3 4 5 6
1 4 -1 1 -1 1 -1 #SUP: 7 #SID: 0 1 2 3 4 5 6
1 4 -1 1 4 -1 #SUP: 7 #SID: 0 1 2 3 4 5 6
1 4 -1 1 4 -1 1 -1 #SUP: 7 #SID: 0 1 2 3 4 5 6
1 4 -1 1 4 56 -1 #SUP: 7 #SID: 0 1 2 3 4 5 6
1 4 -1 1 4 56 -1 1 -1 #SUP: 7 #SID: 0 1 2 3 4 5 6
1 4 -1 1 56 -1 #SUP: 7 #SID: 0 1 2 3 4 5 6
1 4 -1 1 56 -1 1 -1 #SUP: 7 #SID: 0 1 2 3 4 5 6
1 4 -1 4 -1 #SUP: 7 #SID: 0 1 2 3 4 5 6
1 4 -1 4 -1 1 -1 #SUP: 7 #SID: 0 1 2 3 4 5 6
1 4 -1 4 -1 1 -1 1 -1 #SUP: 7 #SID: 0 1 2 3 4 5 6
1 4 -1 4 -1 1 4 -1 #SUP: 7 #SID: 0 1 2 3 4 5 6
1 4 -1 4 -1 1 4 56 -1 #SUP: 7 #SID: 0 1 2 3 4 5 6
1 4 -1 4 -1 1 56 -1 #SUP: 7 #SID: 0 1 2 3 4 5 6
1 4 -1 4 -1 1 56 -1 1 -1 #SUP: 7 #SID: 0 1 2 3 4 5 6
1 4 -1 4 -1 4 -1 #SUP: 7 #SID: 0 1 2 3 4 5 6
1 4 -1 4 -1 4 -1 1 -1 #SUP: 7 #SID: 0 1 2 3 4 5 6
1 4 -1 4 -1 4 56 -1 #SUP: 7 #SID: 0 1 2 3 4 5 6
1 4 -1 4 -1 4 56 -1 1 -1 #SUP: 7 #SID: 0 1 2 3 4 5 6
1 4 -1 4 -1 56 -1 #SUP: 7 #SID: 0 1 2 3 4 5 6
1 4 -1 4 -1 56 -1 1 -1 #SUP: 7 #SID: 0 1 2 3 4 5 6
1 4 -1 4 56 -1 #SUP: 7 #SID: 0 1 2 3 4 5 6
1 4 -1 4 56 -1 1 -1 #SUP: 7 #SID: 0 1 2 3 4 5 6
1 4 -1 684 -1 #SUP: 7 #SID: 0 1 2 3 4 5 6
1 4 -1 684 -1 1 -1 #SUP: 7 #SID: 0 1 2 3 4 5 6
1 4 -1 45 -1 #SUP: 7 #SID: 0 1 2 3 4 5 6
1 4 -1 45 -1 1 -1 #SUP: 7 #SID: 0 1 2 3 4 5 6
1 4 -1 45 -1 1 -1 1 -1 #SUP: 7 #SID: 0 1 2 3 4 5 6
1 4 -1 45 -1 1 4 -1 #SUP: 7 #SID: 0 1 2 3 4 5 6
1 4 -1 45 -1 4 -1 #SUP: 7 #SID: 0 1 2 3 4 5 6
1 4 -1 56 -1 #SUP: 7 #SID: 0 1 2 3 4 5 6
1 4 -1 56 -1 1 -1 #SUP: 7 #SID: 0 1 2 3 4 5 6
1 4 -1 56 684 -1 #SUP: 7 #SID: 0 1 2 3 4 5 6
1 4 -1 56 684 -1 1 -1 #SUP: 7 #SID: 0 1 2 3 4 5 6
1 4 56 -1 #SUP: 7 #SID: 0 1 2 3 4 5 6
1 4 56 -1 1 -1 #SUP: 7 #SID: 0 1 2 3 4 5 6
1 56 -1 #SUP: 7 #SID: 0 1 2 3 4 5 6
1 56 -1 1 -1 #SUP: 7 #SID: 0 1 2 3 4 5 6
4 -1 1 -1 #SUP: 7 #SID: 0 1 2 3 4 5 6
4 -1 1 -1 1 -1 #SUP: 7 #SID: 0 1 2 3 4 5 6
4 -1 1 4 -1 #SUP: 7 #SID: 0 1 2 3 4 5 6
4 -1 1 4 -1 1 -1 #SUP: 7 #SID: 0 1 2 3 4 5 6
4 -1 1 4 56 -1 #SUP: 7 #SID: 0 1 2 3 4 5 6
4 -1 1 4 56 -1 1 -1 #SUP: 7 #SID: 0 1 2 3 4 5 6
4 -1 1 56 -1 #SUP: 7 #SID: 0 1 2 3 4 5 6
4 -1 1 56 -1 1 -1 #SUP: 7 #SID: 0 1 2 3 4 5 6
4 -1 4 -1 #SUP: 7 #SID: 0 1 2 3 4 5 6
4 -1 4 -1 1 -1 #SUP: 7 #SID: 0 1 2 3 4 5 6
4 -1 4 -1 1 -1 1 -1 #SUP: 7 #SID: 0 1 2 3 4 5 6
4 -1 4 -1 1 4 -1 #SUP: 7 #SID: 0 1 2 3 4 5 6
4 -1 4 -1 1 4 -1 1 -1 #SUP: 7 #SID: 0 1 2 3 4 5 6
4 -1 4 -1 1 4 56 -1 #SUP: 7 #SID: 0 1 2 3 4 5 6
4 -1 4 -1 1 4 56 -1 1 -1 #SUP: 7 #SID: 0 1 2 3 4 5 6
4 -1 4 -1 1 56 -1 #SUP: 7 #SID: 0 1 2 3 4 5 6
4 -1 4 -1 1 56 -1 1 -1 #SUP: 7 #SID: 0 1 2 3 4 5 6
4 -1 4 -1 4 -1 #SUP: 7 #SID: 0 1 2 3 4 5 6
4 -1 4 -1 4 -1 1 -1 #SUP: 7 #SID: 0 1 2 3 4 5 6
4 -1 4 -1 4 56 -1 #SUP: 7 #SID: 0 1 2 3 4 5 6
4 -1 4 -1 4 56 -1 1 -1 #SUP: 7 #SID: 0 1 2 3 4 5 6
4 -1 4 -1 684 -1 #SUP: 7 #SID: 0 1 2 3 4 5 6
4 -1 4 -1 684 -1 1 -1 #SUP: 7 #SID: 0 1 2 3 4 5 6
4 -1 4 -1 56 -1 #SUP: 7 #SID: 0 1 2 3 4 5 6
4 -1 4 -1 56 -1 1 -1 #SUP: 7 #SID: 0 1 2 3 4 5 6
4 -1 4 -1 56 684 -1 #SUP: 7 #SID: 0 1 2 3 4 5 6
4 -1 4 -1 56 684 -1 1 -1 #SUP: 7 #SID: 0 1 2 3 4 5 6
4 -1 4 11 -1 #SUP: 7 #SID: 0 1 2 3 4 5 6
4 -1 4 11 -1 1 -1 #SUP: 7 #SID: 0 1 2 3 4 5 6
4 -1 4 11 -1 1 -1 1 -1 #SUP: 7 #SID: 0 1 2 3 4 5 6
4 -1 4 11 -1 1 4 -1 #SUP: 7 #SID: 0 1 2 3 4 5 6
4 -1 4 11 -1 1 4 -1 1 -1 #SUP: 7 #SID: 0 1 2 3 4 5 6
4 -1 4 11 -1 1 4 56 -1 #SUP: 7 #SID: 0 1 2 3 4 5 6
4 -1 4 11 -1 1 4 56 -1 1 -1 #SUP: 7 #SID: 0 1 2 3 4 5 6
4 -1 4 11 -1 1 56 -1 #SUP: 7 #SID: 0 1 2 3 4 5 6
4 -1 4 11 -1 1 56 -1 1 -1 #SUP: 7 #SID: 0 1 2 3 4 5 6
4 -1 4 11 -1 4 -1 #SUP: 7 #SID: 0 1 2 3 4 5 6
4 -1 4 11 -1 4 -1 1 -1 #SUP: 7 #SID: 0 1 2 3 4 5 6
4 -1 4 11 -1 4 56 -1 #SUP: 7 #SID: 0 1 2 3 4 5 6
4 -1 4 11 -1 4 56 -1 1 -1 #SUP: 7 #SID: 0 1 2 3 4 5 6
4 -1 4 11 -1 56 -1 #SUP: 7 #SID: 0 1 2 3 4 5 6
4 -1 4 11 -1 56 -1 1 -1 #SUP: 7 #SID: 0 1 2 3 4 5 6
4 -1 4 56 -1 #SUP: 7 #SID: 0 1 2 3 4 5 6
4 -1 4 56 -1 1 -1 #SUP: 7 #SID: 0 1 2 3 4 5 6
4 -1 11 -1 #SUP: 7 #SID: 0 1 2 3 4 5 6
4 -1 11 -1 1 -1 #SUP: 7 #SID: 0 1 2 3 4 5 6
4 -1 11 -1 1 -1 1 -1 #SUP: 7 #SID: 0 1 2 3 4 5 6
4 -1 11 -1 1 4 -1 #SUP: 7 #SID: 0 1 2 3 4 5 6
4 -1 11 -1 1 4 -1 1 -1 #SUP: 7 #SID: 0 1 2 3 4 5 6
4 -1 11 -1 1 4 56 -1 #SUP: 7 #SID: 0 1 2 3 4 5 6
4 -1 11 -1 1 4 56 -1 1 -1 #SUP: 7 #SID: 0 1 2 3 4 5 6
4 -1 11 -1 1 56 -1 #SUP: 7 #SID: 0 1 2 3 4 5 6
4 -1 11 -1 1 56 -1 1 -1 #SUP: 7 #SID: 0 1 2 3 4 5 6
4 -1 11 -1 4 -1 #SUP: 7 #SID: 0 1 2 3 4 5 6
4 -1 11 -1 4 -1 1 -1 #SUP: 7 #SID: 0 1 2 3 4 5 6
4 -1 11 -1 4 56 -1 #SUP: 7 #SID: 0 1 2 3 4 5 6
4 -1 11 -1 4 56 -1 1 -1 #SUP: 7 #SID: 0 1 2 3 4 5 6
4 -1 11 -1 684 -1 #SUP: 7 #SID: 0 1 2 3 4 5 6
4 -1 11 -1 684 -1 1 -1 #SUP: 7 #SID: 0 1 2 3 4 5 6
4 -1 11 -1 56 -1 #SUP: 7 #SID: 0 1 2 3 4 5 6
4 -1 11 -1 56 -1 1 -1 #SUP: 7 #SID: 0 1 2 3 4 5 6
4 -1 11 -1 56 684 -1 #SUP: 7 #SID: 0 1 2 3 4 5 6
4 -1 11 -1 56 684 -1 1 -1 #SUP: 7 #SID: 0 1 2 3 4 5 6
4 -1 684 -1 #SUP: 7 #SID: 0 1 2 3 4 5 6
4 -1 684 -1 1 -1 #SUP: 7 #SID: 0 1 2 3 4 5 6
4 -1 45 -1 #SUP: 7 #SID: 0 1 2 3 4 5 6
4 -1 45 -1 1 -1 #SUP: 7 #SID: 0 1 2 3 4 5 6
4 -1 45 -1 1 -1 1 -1 #SUP: 7 #SID: 0 1 2 3 4 5 6
4 -1 45 -1 1 4 -1 #SUP: 7 #SID: 0 1 2 3 4 5 6
4 -1 45 -1 4 -1 #SUP: 7 #SID: 0 1 2 3 4 5 6
4 -1 56 -1 #SUP: 7 #SID: 0 1 2 3 4 5 6
4 -1 56 -1 1 -1 #SUP: 7 #SID: 0 1 2 3 4 5 6
4 -1 56 684 -1 #SUP: 7 #SID: 0 1 2 3 4 5 6
4 -1 56 684 -1 1 -1 #SUP: 7 #SID: 0 1 2 3 4 5 6
4 11 -1 #SUP: 7 #SID: 0 1 2 3 4 5 6
4 11 -1 1 -1 #SUP: 7 #SID: 0 1 2 3 4 5 6
4 11 -1 1 -1 1 -1 #SUP: 7 #SID: 0 1 2 3 4 5 6
4 11 -1 1 4 -1 #SUP: 7 #SID: 0 1 2 3 4 5 6
4 11 -1 1 4 -1 1 -1 #SUP: 7 #SID: 0 1 2 3 4 5 6
4 11 -1 1 4 56 -1 #SUP: 7 #SID: 0 1 2 3 4 5 6
4 11 -1 1 4 56 -1 1 -1 #SUP: 7 #SID: 0 1 2 3 4 5 6
4 11 -1 1 56 -1 #SUP: 7 #SID: 0 1 2 3 4 5 6
4 11 -1 1 56 -1 1 -1 #SUP: 7 #SID: 0 1 2 3 4 5 6
4 11 -1 4 -1 #SUP: 7 #SID: 0 1 2 3 4 5 6
4 11 -1 4 -1 1 -1 #SUP: 7 #SID: 0 1 2 3 4 5 6
4 11 -1 4 56 -1 #SUP: 7 #SID: 0 1 2 3 4 5 6
4 11 -1 4 56 -1 1 -1 #SUP: 7 #SID: 0 1 2 3 4 5 6
4 11 -1 684 -1 #SUP: 7 #SID: 0 1 2 3 4 5 6
4 11 -1 684 -1 1 -1 #SUP: 7 #SID: 0 1 2 3 4 5 6
4 11 -1 56 -1 #SUP: 7 #SID: 0 1 2 3 4 5 6
4 11 -1 56 -1 1 -1 #SUP: 7 #SID: 0 1 2 3 4 5 6
4 11 -1 56 684 -1 #SUP: 7 #SID: 0 1 2 3 4 5 6
4 11 -1 56 684 -1 1 -1 #SUP: 7 #SID: 0 1 2 3 4 5 6
4 56 -1 #SUP: 7 #SID: 0 1 2 3 4 5 6
4 56 -1 1 -1 #SUP: 7 #SID: 0 1 2 3 4 5 6
11 -1 1 -1 #SUP: 7 #SID: 0 1 2 3 4 5 6
11 -1 1 -1 1 -1 #SUP: 7 #SID: 0 1 2 3 4 5 6
11 -1 1 4 -1 #SUP: 7 #SID: 0 1 2 3 4 5 6
11 -1 1 4 -1 1 -1 #SUP: 7 #SID: 0 1 2 3 4 5 6
11 -1 1 4 56 -1 #SUP: 7 #SID: 0 1 2 3 4 5 6
11 -1 1 4 56 -1 1 -1 #SUP: 7 #SID: 0 1 2 3 4 5 6
11 -1 1 56 -1 #SUP: 7 #SID: 0 1 2 3 4 5 6
11 -1 1 56 -1 1 -1 #SUP: 7 #SID: 0 1 2 3 4 5 6
11 -1 4 -1 #SUP: 7 #SID: 0 1 2 3 4 5 6
11 -1 4 -1 1 -1 #SUP: 7 #SID: 0 1 2 3 4 5 6
11 -1 4 56 -1 #SUP: 7 #SID: 0 1 2 3 4 5 6
11 -1 4 56 -1 1 -1 #SUP: 7 #SID: 0 1 2 3 4 5 6
11 -1 684 -1 #SUP: 7 #SID: 0 1 2 3 4 5 6
11 -1 684 -1 1 -1 #SUP: 7 #SID: 0 1 2 3 4 5 6
11 -1 56 -1 #SUP: 7 #SID: 0 1 2 3 4 5 6
11 -1 56 -1 1 -1 #SUP: 7 #SID: 0 1 2 3 4 5 6
11 -1 56 684 -1 #SUP: 7 #SID: 0 1 2 3 4 5 6
11 -1 56 684 -1 1 -1 #SUP: 7 #SID: 0 1 2 3 4 5 6
684 -1 1 -1 #SUP: 7 #SID: 0 1 2 3 4 5 6
45 -1 1 -1 #SUP: 7 #SID: 0 1 2 3 4 5 6
45 -1 1 -1 1 -1 #SUP: 7 #SID: 0 1 2 3 4 5 6
45 -1 1 4 -1 #SUP: 7 #SID: 0 1 2 3 4 5 6
45 -1 4 -1 #SUP: 7 #SID: 0 1 2 3 4 5 6
56 -1 1 -1 #SUP: 7 #SID: 0 1 2 3 4 5 6
56 684 -1 #SUP: 7 #SID: 0 1 2 3 4 5 6
56 684 -1 1 -1 #SUP: 7 #SID: 0 1 2 3 4 5 6
