2722 -1 #SUP: 2 #SID: 3 4
1 -1 2722 -1 #SUP: 2 #SID: 3 4
1 -1 56 -1 2722 -1 #SUP: 2 #SID: 3 4
1 9 -1 2722 -1 #SUP: 2 #SID: 3 4
1 9 -1 56 -1 2722 -1 #SUP: 2 #SID: 3 4
1 9 56 -1 2722 -1 #SUP: 2 #SID: 3 4
1 9 56 -1 56 -1 2722 -1 #SUP: 2 #SID: 3 4
1 11 -1 2722 -1 #SUP: 2 #SID: 3 4
1 11 -1 56 -1 2722 -1 #SUP: 2 #SID: 3 4
1 56 -1 2722 -1 #SUP: 2 #SID: 3 4
1 56 -1 56 -1 2722 -1 #SUP: 2 #SID: 3 4
9 -1 2722 -1 #SUP: 2 #SID: 3 4
9 -1 56 -1 2722 -1 #SUP: 2 #SID: 3 4
9 56 -1 2722 -1 #SUP: 2 #SID: 3 4
9 56 -1 56 -1 2722 -1 #SUP: 2 #SID: 3 4
11 -1 2722 -1 #SUP: 2 #SID: 3 4
11 -1 56 -1 2722 -1 #SUP: 2 #SID: 3 4
56 -1 2722 -1 #SUP: 2 #SID: 3 4
56 -1 56 -1 2722 -1 #SUP: 2 #SID: 3 4
