1 -1 #SUP: 9 #SID: 0 1 2 3 4 5 6 7 8
4 -1 #SUP: 8 #SID: 0 1 3 4 5 6 7 8
14 -1 #SUP: 8 #SID: 0 1 2 4 5 6 7 8
56 -1 #SUP: 9 #SID: 0 1 2 3 4 5 6 7 8
1 -1 1 -1 #SUP: 9 #SID: 0 1 2 3 4 5 6 7 8
1 -1 1 -1 1 -1 #SUP: 8 #SID: 0 1 2 4 5 6 7 8
1 -1 1 4 -1 #SUP: 8 #SID: 0 1 3 4 5 6 7 8
1 -1 4 -1 #SUP: 8 #SID: 0 1 3 4 5 6 7 8
1 4 -1 #SUP: 8 #SID: 0 1 3 4 5 6 7 8
1 4 -1 1 -1 #SUP: 8 #SID: 0 1 3 4 5 6 7 8
1 14 -1 #SUP: 8 #SID: 0 1 2 4 5 6 7 8
1 14 -1 1 -1 #SUP: 8 #SID: 0 1 2 4 5 6 7 8
1 56 -1 #SUP: 8 #SID: 0 2 3 4 5 6 7 8
1 56 -1 1 -1 #SUP: 8 #SID: 0 2 3 4 5 6 7 8
4 -1 1 -1 #SUP: 8 #SID: 0 1 3 4 5 6 7 8
14 -1 1 -1 #SUP: 8 #SID: 0 1 2 4 5 6 7 8
56 -1 1 -1 #SUP: 9 #SID: 0 1 2 3 4 5 6 7 8
56 -1 1 -1 1 -1 #SUP: 8 #SID: 0 1 2 4 5 6 7 8
56 -1 1 4 -1 #SUP: 8 #SID: 0 1 3 4 5 6 7 8
56 -1 4 -1 #SUP: 8 #SID: 0 1 3 4 5 6 7 8
